1 51.433862
1 120.705899
1 215.210139
1 251.601596
1 325.324844
1 390.227270
1 495.802110
1 581.036839
1 635.128508
1 701.786444
1 763.309108
1 863.286898
1 943.067467
1 996.961863
1 1046.397209
1 1086.743921
1 1149.751035
1 1209.515059
1 1304.057258
1 1328.750985
1 1385.791070
1 1462.381600
1 1571.236154
1 1626.753072
1 1692.386593
1 1760.819422
1 1810.398563
1 1891.372691
1 1968.691413
1 2053.904605
1 2134.281887
1 2203.356639
1 2272.876360
1 2342.007512
1 2421.809121
1 2530.793959
1 2606.270807
1 2730.395928
1 2795.973080
1 2859.732301
1 2942.393195
1 2964.003401
1 3025.923085
1 3117.980642
1 3183.301508
1 3212.168234
1 3289.173439
1 3328.998784
1 3387.201771
1 3437.342539
1 3491.677835
1 3553.550031
1 3616.809139
1 3713.053414
1 3788.440819
1 3862.579333
1 3908.660268
1 3997.515241
1 4058.593097
1 4115.888020
1 4208.731307
1 4271.495059
1 4350.818618
1 4427.737912
1 4479.289163
1 4515.349379
1 4612.200167
1 4622.391440
1 4699.939228
1 4729.458247
1 4789.813834
1 4852.204162
1 4916.147317
1 4966.049797
1 5073.875627
1 5164.865152
1 5212.643727
1 5260.844953
1 5328.067664
1 5360.794800
1 5394.954762
1 5447.277353
1 5491.476527
1 5571.764788
1 5612.436890
1 5685.305067
1 5762.347401
1 5859.687039
1 5905.607221
1 5978.855879
2 66.141383
2 141.754652
2 193.496933
2 254.431800
2 325.852409
2 420.643404
2 461.947544
2 544.196833
2 609.311280
2 654.275846
2 713.804694
2 770.365576
2 842.614926
2 922.654532
2 992.668802
2 1048.185488
2 1101.663638
2 1163.877302
2 1213.420432
2 1302.445810
2 1337.533144
2 1384.905007
2 1460.830120
2 1521.513466
2 1582.535096
2 1624.582480
2 1706.435252
2 1761.842736
2 1777.708604
2 1834.971910
2 1915.812716
2 1968.597299
2 2052.617276
2 2110.583734
2 2209.297555
2 2237.463425
2 2266.105993
2 2336.230283
2 2399.816427
2 2420.812307
2 2476.655336
2 2565.020825
2 2618.418241
2 2714.611109
2 2748.315493
2 2822.891797
2 2841.524999
2 2917.129900
2 2945.026986
2 2978.037037
2 3046.924978
2 3099.808776
2 3146.046547
2 3228.902336
2 3295.531349
2 3352.068811
2 3414.606182
2 3505.545269
2 3592.216881
2 3684.991760
2 3759.647922
2 3817.867420
2 3872.481690
2 3929.976184
2 4028.688465
2 4123.993413
2 4172.527675
2 4233.805902
2 4282.368997
2 4353.966410
2 4412.703494
2 4479.624311
2 4557.300313
2 4621.398060
2 4667.788472
2 4728.795983
2 4790.999677
2 4866.921615
2 4966.876331
2 5005.541741
2 5086.932013
2 5123.987609
2 5174.145445
2 5240.261990
2 5306.086933
2 5335.118976
2 5406.990758
2 5474.034488
2 5540.783592
2 5633.404374
2 5670.586465
2 5727.765145
2 5775.049168
2 5818.801711
2 5897.680134
2 5951.418418
3 56.116684
3 125.087511
3 214.599399
3 233.413917
3 281.904643
3 334.912439
3 442.234301
3 492.518061
3 578.655127
3 634.431173
3 699.757618
3 735.911059
3 812.020968
3 849.272087
3 944.306958
3 1018.411502
3 1062.798404
3 1132.608358
3 1172.601016
3 1187.752163
3 1277.252828
3 1387.389974
3 1461.742902
3 1552.643982
3 1585.187538
3 1668.298751
3 1731.630673
3 1814.275160
3 1916.261104
3 1970.009069
3 2023.896552
3 2051.932538
3 2117.682052
3 2152.573427
3 2237.229455
3 2325.400507
3 2349.082976
3 2370.490023
3 2414.950538
3 2461.757022
3 2508.614393
3 2604.227679
3 2618.267000
3 2692.077865
3 2787.526675
3 2857.387211
3 2926.025337
3 3017.861795
3 3080.145951
3 3163.297998
3 3242.399741
3 3312.257796
3 3368.969779
3 3438.603273
3 3509.614632
3 3646.681598
3 3718.060799
3 3758.272251
3 3835.601553
3 3893.477066
3 3955.202483
3 3999.486763
3 4063.029647
3 4132.079574
3 4152.444213
3 4256.450083
3 4333.147582
3 4405.646490
3 4478.558028
3 4555.603773
3 4636.638385
3 4705.443425
3 4772.550136
3 4850.989741
3 4913.323820
3 4962.324769
3 5011.124435
3 5065.989353
3 5141.330383
3 5228.507337
3 5304.762425
3 5355.545222
3 5405.708059
3 5448.417762
3 5536.764627
3 5613.257689
3 5723.789009
3 5803.446436
3 5848.499334
3 5918.014370
3 5970.845668
4 55.978445
4 119.514105
4 208.217361
4 287.373494
4 357.076560
4 401.373626
4 444.857221
4 486.483048
4 557.933779
4 652.919702
4 727.248416
4 771.768196
4 815.349266
4 910.597323
4 940.507267
4 1019.380639
4 1090.433521
4 1154.663969
4 1211.421070
4 1245.404242
4 1283.255873
4 1344.010196
4 1439.773831
4 1508.551185
4 1584.939521
4 1607.545193
4 1682.449661
4 1708.380778
4 1781.675299
4 1830.064859
4 1917.580324
4 1970.465600
4 2050.992105
4 2094.410622
4 2160.027994
4 2236.309144
4 2270.131835
4 2347.205492
4 2357.591416
4 2415.342758
4 2468.429822
4 2528.745293
4 2598.497680
4 2647.757956
4 2716.334061
4 2765.434259
4 2842.539999
4 2879.630789
4 2931.145313
4 2982.662455
4 3042.942914
4 3118.765551
4 3181.136992
4 3234.131808
4 3330.395781
4 3338.443166
4 3408.477357
4 3490.853362
4 3552.194386
4 3606.766919
4 3676.259143
4 3734.061257
4 3773.846132
4 3869.690047
4 3945.042942
4 4010.287337
4 4066.668983
4 4115.292266
4 4181.011913
4 4250.834406
4 4291.441575
4 4364.772426
4 4398.098044
4 4477.184209
4 4527.216647
4 4590.318625
4 4652.414925
4 4729.841145
4 4829.347500
4 4901.628705
4 4967.704509
4 5042.810262
4 5118.239547
4 5167.096899
4 5233.280367
4 5276.701514
4 5303.476119
4 5360.886175
4 5404.408357
4 5462.352004
4 5515.250283
4 5570.619431
4 5632.907373
4 5695.404470
4 5725.164368
4 5819.883019
4 5887.263311
4 6000.337918
5 64.191383
5 111.044289
5 175.967380
5 251.236531
5 280.923364
5 359.796392
5 380.571555
5 446.257044
5 530.605552
5 636.473458
5 673.826787
5 768.533354
5 823.594847
5 900.905167
5 996.612995
5 1023.090797
5 1111.649974
5 1181.405729
5 1266.596933
5 1329.374925
5 1385.845418
5 1487.692245
5 1524.381401
5 1608.900278
5 1651.843779
5 1708.915410
5 1780.903239
5 1857.684410
5 1873.618112
5 1947.795148
5 2054.761679
5 2135.367472
5 2201.547005
5 2288.276486
5 2326.830775
5 2379.729972
5 2414.025397
5 2468.915242
5 2538.044594
5 2619.276707
5 2714.082520
5 2779.490494
5 2858.308282
5 2894.867098
5 2982.564120
5 3062.682626
5 3143.364390
5 3212.269094
5 3272.641451
5 3311.312841
5 3352.560925
5 3411.190572
5 3505.460515
5 3583.580186
5 3615.060835
5 3717.826576
5 3759.365778
5 3816.554309
5 3847.325653
5 3891.847294
5 3929.211118
5 4031.126930
5 4089.513936
5 4124.766060
5 4168.267986
5 4204.189817
5 4248.661849
5 4333.515022
5 4436.350406
5 4505.405403
5 4556.849356
5 4613.792831
5 4733.465233
5 4805.947100
5 4871.878484
5 4932.853799
5 5002.391524
5 5065.448606
5 5129.228159
5 5229.907263
5 5278.492111
5 5351.843017
5 5426.421679
5 5458.393942
5 5481.834907
5 5531.709439
5 5586.981565
5 5676.279761
5 5766.197484
5 5775.604208
5 5869.328221
5 5937.391841
5 5992.144998
6 59.907949
6 107.421665
6 184.088944
6 231.704408
6 249.946303
6 297.154154
6 363.098098
6 463.842294
6 531.191085
6 596.372869
6 691.868951
6 789.945174
6 878.220325
6 920.859953
6 964.853795
6 1091.003336
6 1160.857593
6 1201.179362
6 1284.374946
6 1370.583009
6 1446.338714
6 1522.972648
6 1552.649840
6 1637.111553
6 1704.471087
6 1745.275005
6 1841.526558
6 1903.414608
6 1993.108212
6 2090.291071
6 2200.984493
6 2255.573582
6 2324.934172
6 2405.691957
6 2492.038671
6 2594.953830
6 2666.791624
6 2716.036686
6 2785.437882
6 2858.119782
6 2934.082949
6 3012.413473
6 3103.358822
6 3164.513795
6 3254.848604
6 3313.583945
6 3386.708354
6 3440.117426
6 3524.253373
6 3552.743456
6 3678.222933
6 3758.841212
6 3820.856607
6 3895.125594
6 3998.476967
6 4092.810678
6 4173.043995
6 4205.878869
6 4260.569040
6 4310.175292
6 4367.572972
6 4416.686907
6 4517.524146
6 4583.402848
6 4650.490713
6 4729.314677
6 4771.564108
6 4894.824799
6 4911.606124
6 4994.734614
6 5063.898563
6 5092.722001
6 5157.183488
6 5258.433522
6 5303.538744
6 5344.465377
6 5426.794897
6 5489.142195
6 5553.063950
6 5648.653373
6 5723.216387
6 5791.798644
6 5843.468414
6 5897.008777
6 5955.230308
6 5995.578483
7 46.132325
7 99.378491
7 141.484540
7 234.185863
7 281.083298
7 359.810145
7 480.796316
7 543.463804
7 584.955027
7 651.816834
7 721.859630
7 810.154518
7 901.058321
7 965.163697
7 1019.431257
7 1095.444254
7 1128.486785
7 1218.458293
7 1305.171148
7 1344.725604
7 1437.336493
7 1506.274937
7 1589.211500
7 1652.818670
7 1727.488306
7 1809.030223
7 1899.903886
7 1966.384845
7 1995.229232
7 2086.625825
7 2157.896934
7 2204.799478
7 2286.394966
7 2332.447518
7 2399.041119
7 2490.539044
7 2582.363435
7 2665.947219
7 2744.672712
7 2806.104829
7 2858.001629
7 2940.577410
7 2990.067168
7 3096.619748
7 3163.789361
7 3203.023973
7 3270.690992
7 3329.616462
7 3381.631371
7 3438.868314
7 3505.341743
7 3582.344198
7 3666.792008
7 3730.923820
7 3778.319963
7 3820.865385
7 3884.280916
7 3946.933278
7 4030.849704
7 4125.915953
7 4201.876603
7 4262.293161
7 4292.161873
7 4362.194605
7 4456.605507
7 4528.509319
7 4571.829103
7 4616.266945
7 4691.011830
7 4770.709787
7 4819.413799
7 4886.697530
7 4940.659589
7 4993.384055
7 5076.099417
7 5137.904440
7 5205.927902
7 5301.379577
7 5356.860391
7 5423.613207
7 5490.604418
7 5553.808800
7 5612.549985
7 5694.079996
7 5726.176076
7 5824.493974
7 5899.025375
7 5954.130714
8 96.940387
8 155.063597
8 229.209330
8 259.873302
8 362.519056
8 398.629217
8 444.022579
8 530.230916
8 582.975818
8 652.873039
8 720.223864
8 766.279278
8 845.150308
8 862.535808
8 943.543492
8 1006.183032
8 1095.156412
8 1141.612081
8 1192.955325
8 1248.992849
8 1287.769674
8 1361.958824
8 1416.996734
8 1503.206849
8 1523.217713
8 1608.434310
8 1684.799437
8 1740.701949
8 1797.085620
8 1855.891782
8 1920.961768
8 1986.423183
8 2092.373944
8 2180.133868
8 2243.665367
8 2281.651310
8 2326.770868
8 2380.698870
8 2443.714265
8 2493.666606
8 2568.974507
8 2638.596367
8 2741.006450
8 2776.476871
8 2896.324778
8 2926.635924
8 2981.659265
8 3022.685686
8 3080.623176
8 3122.888071
8 3212.131777
8 3272.992784
8 3356.052345
8 3419.891211
8 3489.007271
8 3536.708801
8 3595.588889
8 3671.316719
8 3733.624696
8 3759.633823
8 3820.091816
8 3931.009233
8 3952.927723
8 4023.616865
8 4117.394627
8 4171.319877
8 4246.669536
8 4315.385855
8 4381.202032
8 4453.728926
8 4557.289516
8 4637.482726
8 4699.661553
8 4762.307550
8 4837.086431
8 4891.855593
8 4962.106324
8 5044.941587
8 5105.969103
8 5190.980382
8 5280.702598
8 5403.746736
8 5490.345961
8 5571.148959
8 5613.577132
8 5693.591201
8 5721.109788
8 5761.460995
8 5828.366481
8 5907.974961
8 5959.161072
9 95.991057
9 157.978709
9 217.747060
9 306.846110
9 416.978148
9 498.238487
9 586.682562
9 602.360957
9 685.855260
9 730.403726
9 808.602014
9 878.967837
9 963.115405
9 1020.299877
9 1088.866211
9 1152.591057
9 1212.644802
9 1272.480624
9 1332.992701
9 1463.700222
9 1548.775799
9 1637.886582
9 1707.317528
9 1777.540713
9 1856.923254
9 1915.125224
9 1967.404807
9 2048.183462
9 2133.754866
9 2200.538392
9 2279.822634
9 2357.573385
9 2437.781822
9 2481.797568
9 2530.142296
9 2593.812207
9 2667.052571
9 2728.806762
9 2806.021798
9 2895.041947
9 2953.271296
9 3014.474079
9 3116.634559
9 3142.005219
9 3240.026468
9 3302.829879
9 3381.009425
9 3429.294584
9 3499.444029
9 3553.014981
9 3631.162935
9 3675.425068
9 3769.008870
9 3827.995479
9 3894.884178
9 3949.156917
9 4045.832313
9 4108.791143
9 4169.623822
9 4270.716266
9 4303.175895
9 4407.336400
9 4455.079089
9 4506.082004
9 4614.723574
9 4632.791331
9 4703.801255
9 4769.314186
9 4850.859718
9 4966.534274
9 5047.309505
9 5123.367561
9 5194.708003
9 5259.796140
9 5277.421799
9 5305.671334
9 5408.275073
9 5466.347779
9 5523.966539
9 5604.281758
9 5652.903554
9 5695.067346
9 5763.890075
9 5820.529922
9 5907.236413
9 5995.477765
10 59.701793
10 107.390397
10 165.907699
10 268.840366
10 287.441384
10 352.457901
10 374.017988
10 432.751049
10 499.052951
10 586.444296
10 675.493262
10 738.077318
10 803.237577
10 896.781607
10 967.724623
10 1012.297984
10 1152.061011
10 1265.469599
10 1360.261229
10 1386.786048
10 1440.286858
10 1460.383239
10 1549.803473
10 1632.651669
10 1683.263623
10 1762.538190
10 1812.730154
10 1865.909444
10 1965.808816
10 2049.142886
10 2134.564155
10 2201.831280
10 2271.020880
10 2331.096187
10 2379.399557
10 2431.712921
10 2493.459592
10 2599.428843
10 2652.273619
10 2727.878893
10 2783.521017
10 2879.156422
10 2949.385948
10 2992.019626
10 3042.950166
10 3141.852829
10 3207.294833
10 3230.419366
10 3288.436759
10 3364.785921
10 3411.368425
10 3500.448575
10 3583.684181
10 3676.625826
10 3778.677587
10 3867.628588
10 3925.108930
10 4026.543099
10 4080.789602
10 4172.848648
10 4226.114216
10 4292.868028
10 4362.285158
10 4460.891053
10 4514.697874
10 4566.787682
10 4615.555018
10 4713.650828
10 4796.898258
10 4841.998319
10 4914.684821
10 4963.389570
10 5051.589711
10 5138.389116
10 5208.586611
10 5284.166402
10 5310.711738
10 5393.046203
10 5469.794161
10 5535.924002
10 5594.917626
10 5655.779329
10 5726.430756
10 5785.622537
10 5860.772386
10 5914.683002
11 87.618938
11 135.320870
11 165.414435
11 231.167574
11 289.125041
11 373.403570
11 445.603918
11 529.295017
11 613.183941
11 717.671259
11 821.181983
11 910.354575
11 941.369582
11 1065.960743
11 1123.159533
11 1170.686868
11 1247.352204
11 1304.722074
11 1343.703776
11 1437.028109
11 1509.864088
11 1585.630278
11 1642.414511
11 1711.093979
11 1757.177774
11 1799.473936
11 1861.686343
11 1942.813217
11 2048.103944
11 2107.693949
11 2201.158225
11 2299.313208
11 2381.309880
11 2467.515658
11 2515.360527
11 2550.991065
11 2633.625394
11 2728.546780
11 2782.232825
11 2900.176322
11 2981.741236
11 3053.988381
11 3095.393380
11 3141.035543
11 3246.042824
11 3311.618997
11 3364.078487
11 3428.607742
11 3509.306929
11 3603.689756
11 3679.500647
11 3725.188561
11 3771.874832
11 3895.643267
11 3923.856670
11 4014.667325
11 4056.066970
11 4094.229392
11 4165.660604
11 4235.806149
11 4308.319148
11 4335.710947
11 4419.777989
11 4491.544100
11 4538.489106
11 4614.797636
11 4674.903001
11 4730.522363
11 4773.590927
11 4850.740275
11 4932.698749
11 4998.983809
11 5066.796376
11 5125.288382
11 5166.425212
11 5235.467054
11 5326.767770
11 5402.228477
11 5489.590133
11 5568.884407
11 5641.644713
11 5730.670289
11 5826.927184
11 5896.741182
11 5957.129859
11 6001.999184
12 79.884058
12 135.396702
12 218.872853
12 282.322998
12 402.471772
12 465.730430
12 527.842063
12 613.661032
12 679.248847
12 793.901624
12 878.444021
12 983.769473
12 1047.188613
12 1151.528884
12 1207.121089
12 1264.176990
12 1387.483173
12 1463.380558
12 1571.763408
12 1608.613187
12 1681.781156
12 1765.733264
12 1811.186509
12 1862.168479
12 1944.550191
12 2047.854935
12 2153.099042
12 2258.777951
12 2357.487207
12 2416.076009
12 2470.916072
12 2505.378554
12 2566.492225
12 2601.902721
12 2673.261527
12 2760.049447
12 2840.733154
12 2900.354870
12 2952.104668
12 3012.312322
12 3093.103025
12 3169.244011
12 3224.669985
12 3288.974220
12 3367.198774
12 3438.223026
12 3504.893073
12 3596.102676
12 3627.283872
12 3712.430389
12 3785.035446
12 3841.270724
12 3894.854839
12 3969.416571
12 4009.745784
12 4070.271135
12 4123.904342
12 4178.608121
12 4272.749429
12 4314.243549
12 4420.345872
12 4477.519067
12 4558.410086
12 4611.593422
12 4678.547044
12 4752.976086
12 4804.234231
12 4914.693782
12 4955.686456
12 4992.702082
12 5064.653089
12 5140.752568
12 5233.511488
12 5299.759685
12 5379.812572
12 5429.493506
12 5524.365897
12 5573.672980
12 5637.217472
12 5718.823107
12 5808.181416
12 5860.231859
12 5904.126386
12 5908.077475
13 79.469675
13 162.373508
13 249.359598
13 306.663540
13 419.619952
13 529.257207
13 583.991644
13 656.821151
13 736.896131
13 769.080688
13 843.745625
13 897.304672
13 970.099304
13 1050.999613
13 1098.383144
13 1152.912790
13 1248.792695
13 1289.461819
13 1363.429599
13 1437.806967
13 1553.447865
13 1570.096034
13 1665.961542
13 1761.806840
13 1853.461362
13 1926.811811
13 1992.170665
13 2025.320302
13 2094.827858
13 2152.245515
13 2233.200863
13 2302.984275
13 2395.907163
13 2421.127957
13 2533.004352
13 2606.065865
13 2650.338414
13 2729.917208
13 2798.486871
13 2899.829639
13 2985.116363
13 3012.285527
13 3093.260777
13 3165.455598
13 3247.057797
13 3329.574167
13 3411.050738
13 3459.917443
13 3539.582895
13 3591.190034
13 3671.532709
13 3715.779094
13 3793.163997
13 3874.438629
13 3920.557251
13 3974.931212
13 4018.999197
13 4099.803499
13 4184.638482
13 4272.745870
13 4337.447727
13 4418.997016
13 4458.459782
13 4501.003777
13 4615.077251
13 4698.219193
13 4789.467711
13 4853.331560
13 4913.121350
13 4988.404688
13 5041.054523
13 5122.271683
13 5165.099254
13 5260.110674
13 5282.734154
13 5360.977596
13 5406.654523
13 5490.944210
13 5575.523495
13 5663.889248
13 5762.914764
13 5837.810572
13 5934.486530
13 6002.206325
14 88.740758
14 102.306189
14 154.946477
14 215.484275
14 307.585069
14 370.205549
14 447.639401
14 463.221434
14 552.520585
14 598.442600
14 657.950130
14 746.124017
14 851.937574
14 913.345935
14 997.496305
14 1019.565131
14 1065.375459
14 1171.983072
14 1247.978036
14 1324.711127
14 1391.617014
14 1485.234346
14 1588.037709
14 1663.334925
14 1760.807655
14 1796.818749
14 1850.546085
14 1920.813970
14 2002.173276
14 2072.310573
14 2159.427473
14 2206.213742
14 2276.775707
14 2380.315887
14 2488.604546
14 2569.597377
14 2615.196789
14 2714.007551
14 2777.054287
14 2843.161695
14 2929.211538
14 3013.702670
14 3099.657971
14 3161.668929
14 3228.523006
14 3270.045225
14 3360.073574
14 3438.460242
14 3541.996584
14 3632.949261
14 3731.765431
14 3838.768977
14 3893.953242
14 3969.919832
14 4077.906938
14 4130.100539
14 4181.894402
14 4317.046082
14 4363.155565
14 4427.353099
14 4516.221216
14 4556.937821
14 4614.729976
14 4703.189032
14 4730.011311
14 4818.424250
14 4891.191598
14 4911.393057
14 5013.058492
14 5062.418604
14 5122.520032
14 5212.431008
14 5282.511528
14 5309.952819
14 5425.085936
14 5492.591859
14 5590.514473
14 5663.671145
14 5695.106028
14 5744.982349
14 5780.701652
14 5847.939410
14 5915.954093
15 79.296258
15 155.810949
15 237.774139
15 315.239869
15 335.001246
15 443.866347
15 498.213062
15 618.605173
15 698.097367
15 745.866281
15 787.443151
15 798.534421
15 842.126419
15 938.313795
15 1000.455497
15 1041.347528
15 1094.213767
15 1194.610259
15 1243.231561
15 1342.562527
15 1417.140612
15 1505.957129
15 1550.828086
15 1628.280643
15 1704.509155
15 1782.251972
15 1854.094102
15 1916.712466
15 2053.870704
15 2090.217330
15 2145.827966
15 2234.879179
15 2303.122051
15 2393.161217
15 2461.800900
15 2540.734411
15 2597.960425
15 2672.789411
15 2727.693007
15 2791.932032
15 2897.596323
15 3015.155080
15 3096.838716
15 3177.445392
15 3231.630859
15 3284.491086
15 3358.535251
15 3372.844524
15 3448.159860
15 3538.812681
15 3568.885879
15 3624.954041
15 3734.428524
15 3848.030412
15 3935.960377
15 4009.294858
15 4071.914356
15 4095.528254
15 4180.176531
15 4260.552599
15 4341.143247
15 4403.013123
15 4483.567441
15 4575.419709
15 4627.353909
15 4675.719934
15 4709.569101
15 4800.187961
15 4850.517172
15 4955.857709
15 5047.852432
15 5162.881103
15 5208.373444
15 5305.235242
15 5407.647704
15 5458.407755
15 5518.246179
15 5571.350555
15 5633.556373
15 5722.203341
15 5780.908618
15 5858.100970
15 5946.771506
16 57.617128
16 112.242767
16 178.180317
16 250.882613
16 358.494104
16 466.137835
16 548.591161
16 672.119581
16 721.809199
16 814.088930
16 849.475420
16 901.708127
16 990.194556
16 1049.791304
16 1133.041322
16 1203.614566
16 1265.827864
16 1387.766190
16 1440.805274
16 1530.720490
16 1605.529846
16 1707.125014
16 1761.957756
16 1853.693334
16 1920.936211
16 1994.758045
16 2029.856350
16 2131.064311
16 2161.845298
16 2209.911768
16 2302.192998
16 2395.954995
16 2492.074339
16 2570.426802
16 2641.358055
16 2715.285557
16 2736.213190
16 2780.293424
16 2873.613509
16 2937.283560
16 3011.179921
16 3062.836496
16 3117.474574
16 3206.867556
16 3273.907014
16 3370.806884
16 3451.724915
16 3536.793794
16 3606.395323
16 3738.857995
16 3782.260362
16 3844.927145
16 3905.319706
16 3971.663396
16 4022.695507
16 4116.146297
16 4169.149079
16 4280.712595
16 4371.585954
16 4424.454927
16 4510.217389
16 4592.312732
16 4611.243517
16 4674.265686
16 4757.726007
16 4824.605279
16 4916.509506
16 5008.875454
16 5138.703452
16 5225.813913
16 5308.082485
16 5361.067525
16 5426.893382
16 5528.320784
16 5570.627305
16 5653.811821
16 5673.772886
16 5764.338619
16 5864.450726
16 5934.528628
17 61.062824
17 149.270161
17 252.787112
17 324.502591
17 394.651090
17 418.384708
17 499.522601
17 558.136317
17 603.148941
17 678.921214
17 717.410192
17 768.162112
17 846.127048
17 919.968772
17 972.364828
17 1042.756110
17 1105.982245
17 1194.343170
17 1327.332804
17 1408.314864
17 1461.792897
17 1511.707717
17 1550.867412
17 1648.831319
17 1707.236392
17 1779.830333
17 1840.155473
17 1908.239980
17 1993.247390
17 2063.035920
17 2123.204339
17 2208.765469
17 2278.062346
17 2363.803975
17 2493.516161
17 2554.249103
17 2602.608328
17 2709.265031
17 2750.778574
17 2859.522320
17 2925.464384
17 3013.934880
17 3118.221416
17 3180.838101
17 3267.223410
17 3340.997443
17 3403.221880
17 3484.437006
17 3548.144325
17 3586.136233
17 3659.636904
17 3758.040567
17 3810.189919
17 3896.033763
17 3959.056795
17 4067.050600
17 4125.828831
17 4168.833756
17 4238.696162
17 4314.764405
17 4337.862010
17 4395.585689
17 4455.317049
17 4526.397851
17 4609.631116
17 4697.696934
17 4773.016197
17 4822.515953
17 4891.967887
17 4991.332124
17 5025.781208
17 5064.695576
17 5146.007949
17 5211.766715
17 5307.962167
17 5374.172916
17 5469.401159
17 5552.940965
17 5653.939214
17 5693.265407
17 5785.954162
17 5856.293645
17 5952.113032
17 5992.760214
18 56.362198
18 93.913217
18 168.468306
18 207.766177
18 282.624515
18 342.397854
18 382.140887
18 481.821588
18 527.920196
18 599.098535
18 678.793296
18 704.516110
18 739.647807
18 837.554499
18 879.929070
18 940.907316
18 1049.463069
18 1119.511867
18 1194.246319
18 1247.177012
18 1303.187973
18 1418.074370
18 1484.381057
18 1524.322783
18 1591.464068
18 1636.392852
18 1760.341286
18 1836.998828
18 1904.663489
18 1993.978604
18 2062.318581
18 2134.121465
18 2231.490522
18 2304.602979
18 2382.668835
18 2472.654755
18 2569.604131
18 2650.963035
18 2718.094478
18 2794.993658
18 2896.876114
18 2992.077980
18 3079.794749
18 3182.946780
18 3247.253747
18 3358.389813
18 3457.606723
18 3530.197131
18 3618.283446
18 3693.172907
18 3758.412665
18 3838.638028
18 3891.355062
18 3945.704178
18 4017.024221
18 4080.173340
18 4161.499684
18 4256.448213
18 4308.687718
18 4364.899663
18 4388.346790
18 4448.729722
18 4549.101317
18 4627.913162
18 4700.993967
18 4772.832953
18 4841.224117
18 4911.244891
18 4996.793205
18 5080.823555
18 5087.157275
18 5144.722847
18 5237.685176
18 5361.682452
18 5407.476872
18 5489.876684
18 5507.307223
18 5544.049371
18 5571.761707
18 5613.664005
18 5695.377635
18 5761.672979
18 5857.846542
18 5938.792046
19 82.926962
19 179.843196
19 250.157094
19 337.377768
19 359.864546
19 506.427745
19 556.240597
19 678.929972
19 768.308421
19 841.695651
19 943.666069
19 1062.392171
19 1158.240477
19 1249.434581
19 1364.841970
19 1415.151709
19 1506.395896
19 1582.493560
19 1638.155487
19 1683.356537
19 1793.114687
19 1857.342703
19 1920.158716
19 2002.219143
19 2092.585102
19 2133.493555
19 2175.315466
19 2226.837068
19 2330.194461
19 2368.685167
19 2446.173779
19 2530.855411
19 2604.233912
19 2679.715684
19 2779.652452
19 2841.250723
19 2875.185965
19 2924.707917
19 3035.343699
19 3096.401844
19 3208.632970
19 3303.985243
19 3397.646073
19 3494.133593
19 3554.037546
19 3590.121713
19 3673.183885
19 3748.820699
19 3767.180334
19 3866.837773
19 3917.427312
19 3986.752673
19 4049.636623
19 4116.473005
19 4209.936821
19 4297.825173
19 4401.994443
19 4452.575409
19 4515.787276
19 4594.172262
19 4668.766947
19 4791.476819
19 4854.786274
19 4913.438818
19 5009.111583
19 5080.831575
19 5168.613395
19 5259.689880
19 5310.911907
19 5407.126571
19 5512.283585
19 5572.157189
19 5654.928482
19 5716.980225
19 5811.035738
19 5858.796134
19 5933.120069
20 86.545666
20 155.596788
20 227.321848
20 282.617499
20 338.572050
20 403.176376
20 467.546525
20 524.105162
20 624.099507
20 680.628667
20 737.709687
20 842.695350
20 942.252669
20 965.209905
20 1049.642532
20 1128.817553
20 1194.739374
20 1250.867056
20 1346.207986
20 1375.126454
20 1454.473219
20 1546.184318
20 1607.197823
20 1709.236320
20 1729.670915
20 1809.188712
20 1862.945088
20 1944.975841
20 2023.809555
20 2109.062340
20 2206.825680
20 2255.649573
20 2338.990173
20 2442.745972
20 2532.290741
20 2645.289236
20 2704.159516
20 2771.384765
20 2866.889199
20 2938.721512
20 2990.642993
20 3053.321739
20 3118.889554
20 3193.372963
20 3273.364010
20 3327.202329
20 3412.324772
20 3525.572689
20 3626.597397
20 3635.508400
20 3732.972801
20 3807.372407
20 3874.339812
20 3922.694716
20 4001.265949
20 4048.339390
20 4113.657523
20 4205.974638
20 4309.077515
20 4315.966818
20 4441.284562
20 4508.866759
20 4529.397234
20 4584.431596
20 4674.137506
20 4785.825493
20 4870.737280
20 4967.724659
20 4989.467982
20 5025.941214
20 5097.355739
20 5164.571900
20 5232.583530
20 5258.471186
20 5334.709566
20 5391.235745
20 5490.481981
20 5564.311840
20 5638.506798
20 5725.484244
20 5804.339931
20 5866.170161
20 5953.252920
20 6000.595547
21 58.046660
21 95.003183
21 220.802789
21 362.563386
21 425.992589
21 515.962554
21 602.630027
21 693.490484
21 768.808247
21 833.984483
21 912.397745
21 967.202290
21 1043.046572
21 1151.424172
21 1254.531724
21 1368.584084
21 1461.993743
21 1567.775568
21 1623.109387
21 1682.798791
21 1750.149403
21 1881.214586
21 1971.306730
21 1987.927117
21 2047.202387
21 2137.743208
21 2205.871475
21 2236.552794
21 2301.143781
21 2384.289474
21 2476.896839
21 2565.204868
21 2667.996639
21 2750.407597
21 2822.432157
21 2898.901160
21 2984.139718
21 3079.032025
21 3140.079027
21 3205.788939
21 3268.583944
21 3357.711019
21 3447.094774
21 3505.337789
21 3606.958934
21 3674.169910
21 3750.429994
21 3788.960065
21 3864.392101
21 3928.930482
21 4017.749773
21 4130.333106
21 4177.541321
21 4308.179683
21 4392.800835
21 4469.984393
21 4509.361237
21 4588.464304
21 4627.405773
21 4676.857328
21 4792.524477
21 4842.762765
21 4914.332605
21 5012.017503
21 5066.443497
21 5100.490526
21 5196.466544
21 5258.291575
21 5334.700607
21 5360.925370
21 5440.427295
21 5538.950455
21 5572.813115
21 5630.560830
21 5691.876840
21 5814.008194
21 5915.481524
21 6000.775983
22 78.026791
22 133.052662
22 194.619890
22 254.362344
22 336.974952
22 429.823993
22 492.450691
22 567.807402
22 617.893428
22 704.154480
22 767.901496
22 840.226787
22 899.822940
22 1021.957694
22 1103.714528
22 1168.538928
22 1264.992250
22 1306.490052
22 1362.139485
22 1454.396331
22 1524.671069
22 1646.276263
22 1727.545398
22 1810.344383
22 1916.676036
22 1945.664012
22 2008.034843
22 2092.073102
22 2169.922540
22 2236.052465
22 2290.635086
22 2326.574284
22 2378.473818
22 2475.937877
22 2603.854925
22 2708.757971
22 2782.149877
22 2822.245130
22 2898.243638
22 2964.371186
22 3062.918005
22 3139.135441
22 3265.961506
22 3344.733358
22 3411.382920
22 3517.752514
22 3615.119574
22 3659.280721
22 3683.066085
22 3771.270450
22 3865.011811
22 3974.311004
22 4082.096834
22 4141.732444
22 4239.315343
22 4293.545230
22 4374.568368
22 4477.802845
22 4562.153331
22 4627.719867
22 4697.211873
22 4727.402367
22 4840.556150
22 4894.300216
22 4962.589844
22 5058.079458
22 5106.612905
22 5172.837259
22 5234.958213
22 5309.801207
22 5424.473175
22 5508.293315
22 5631.373422
22 5695.017005
22 5783.877512
22 5847.518941
22 5954.450670
23 64.463495
23 127.980739
23 181.263268
23 280.583862
23 401.534655
23 442.348184
23 497.707245
23 603.832270
23 696.476782
23 828.494491
23 900.007025
23 962.273422
23 1048.485665
23 1154.598220
23 1248.119865
23 1330.829990
23 1418.078840
23 1522.456135
23 1605.354240
23 1666.702947
23 1763.249635
23 1861.679085
23 1915.823762
23 2000.467557
23 2087.124877
23 2142.189759
23 2206.985080
23 2260.083444
23 2288.495732
23 2338.425708
23 2431.184572
23 2509.520544
23 2580.394834
23 2616.517467
23 2666.834169
23 2719.852026
23 2840.784555
23 2895.599239
23 2949.118425
23 3042.688276
23 3141.158885
23 3244.925593
23 3309.040853
23 3408.582226
23 3498.683882
23 3594.582730
23 3714.408922
23 3809.567453
23 3866.596548
23 3948.118242
23 3993.388378
23 4044.746988
23 4150.904944
23 4270.026633
23 4306.077506
23 4396.628019
23 4482.197524
23 4581.776067
23 4661.416080
23 4724.776449
23 4807.337144
23 4893.547610
23 4982.042458
23 5067.196596
23 5140.521872
23 5192.936896
23 5302.511686
23 5449.204440
23 5492.320413
23 5573.262126
23 5633.049818
23 5726.696544
23 5784.325710
23 5831.506361
23 5909.037060
23 5998.858125
24 56.160603
24 179.708858
24 197.968774
24 281.314404
24 378.702204
24 462.785456
24 494.152963
24 554.946789
24 675.810287
24 783.739071
24 851.582475
24 884.637812
24 982.205044
24 1065.700159
24 1169.689089
24 1266.780192
24 1322.411489
24 1362.027903
24 1438.068223
24 1525.017793
24 1581.426718
24 1615.229266
24 1683.831156
24 1812.190284
24 1861.992169
24 1947.401504
24 2009.519787
24 2067.870183
24 2145.034910
24 2185.567148
24 2228.478616
24 2307.100696
24 2398.955133
24 2437.192556
24 2531.300138
24 2634.431775
24 2718.342943
24 2796.284144
24 2903.955720
24 2991.146340
24 3063.527475
24 3119.532647
24 3184.823796
24 3282.834108
24 3327.573313
24 3449.134781
24 3508.596357
24 3538.216709
24 3615.305056
24 3673.697194
24 3783.911383
24 3873.082423
24 3943.532900
24 4043.216102
24 4118.260514
24 4180.915673
24 4261.715722
24 4333.740636
24 4435.054363
24 4514.661060
24 4573.772932
24 4686.929807
24 4746.738692
24 4852.341728
24 4943.078617
24 5024.592498
24 5109.450989
24 5232.961864
24 5311.577351
24 5406.573960
24 5463.065235
24 5535.373837
24 5655.123020
24 5728.051409
24 5817.877934
24 5869.951438
24 5952.499232
24 5997.689474
25 61.877251
25 149.812541
25 230.888299
25 282.297012
25 381.212166
25 445.917883
25 575.858338
25 653.159377
25 721.372728
25 843.816475
25 939.257459
25 1021.585397
25 1129.952528
25 1210.645600
25 1307.311944
25 1387.298638
25 1415.020460
25 1486.419027
25 1551.655990
25 1625.988973
25 1675.582927
25 1758.456845
25 1821.356976
25 1898.633337
25 1984.800801
25 2054.488382
25 2152.395819
25 2236.264738
25 2378.572535
25 2466.981783
25 2530.590231
25 2664.504766
25 2760.584574
25 2858.885942
25 2901.999568
25 2982.370322
25 3030.543956
25 3100.102214
25 3164.996455
25 3268.949141
25 3333.226765
25 3427.180885
25 3515.141636
25 3614.791265
25 3733.189889
25 3855.095913
25 3956.320238
25 4016.859895
25 4132.006485
25 4180.541198
25 4226.216442
25 4261.774080
25 4275.772261
25 4360.850896
25 4438.131975
25 4514.213646
25 4613.940699
25 4645.499468
25 4750.148898
25 4851.527516
25 4912.950729
25 4996.756689
25 5067.431974
25 5152.585612
25 5226.390980
25 5305.149308
25 5384.412483
25 5491.242812
25 5544.535721
25 5639.471382
25 5726.555073
25 5788.467382
25 5908.239813
25 5955.189841
26 55.516088
26 109.427825
26 180.075947
26 287.413965
26 367.939697
26 419.067739
26 497.423745
26 558.929630
26 603.180104
26 707.152727
26 814.370276
26 898.809291
26 1001.153279
26 1095.038300
26 1212.657976
26 1341.563624
26 1436.823712
26 1502.731996
26 1588.542121
26 1683.380894
26 1813.902229
26 1902.281973
26 1928.701287
26 1992.539100
26 2071.275449
26 2182.063714
26 2315.772263
26 2413.905552
26 2485.574559
26 2494.431909
26 2566.828659
26 2651.364775
26 2762.615724
26 2856.774376
26 2925.150312
26 3039.204914
26 3119.483719
26 3233.808797
26 3309.296106
26 3384.708963
26 3475.472920
26 3554.470939
26 3649.917612
26 3745.336282
26 3843.446459
26 3956.340391
26 4026.973039
26 4118.674667
26 4209.511605
26 4276.064977
26 4352.335178
26 4429.206113
26 4505.888178
26 4559.903847
26 4681.307451
26 4769.769932
26 4822.809277
26 4912.573977
26 4965.981551
26 5054.369773
26 5142.464382
26 5189.448216
26 5260.893016
26 5326.985696
26 5423.791275
26 5576.381897
26 5692.996152
26 5754.143416
26 5831.125976
26 5931.524801
27 87.635629
27 176.510469
27 269.214269
27 331.360552
27 419.145911
27 525.756919
27 608.682911
27 678.084626
27 733.405517
27 818.781798
27 913.456225
27 964.992515
27 1055.192536
27 1153.396857
27 1261.776521
27 1322.148621
27 1388.401611
27 1435.335856
27 1506.829305
27 1553.575389
27 1641.512037
27 1685.121654
27 1762.049698
27 1812.550589
27 1914.470257
27 2015.445699
27 2092.178135
27 2155.119606
27 2236.934531
27 2328.111673
27 2433.317722
27 2553.464490
27 2704.368609
27 2823.123074
27 2912.311002
27 3048.256569
27 3160.885777
27 3216.480818
27 3302.078211
27 3388.940253
27 3514.339711
27 3549.372101
27 3593.177141
27 3637.899028
27 3750.899274
27 3807.525582
27 3888.064068
27 3969.244320
27 3995.662001
27 4085.835638
27 4169.210537
27 4226.549370
27 4269.278382
27 4368.397541
27 4469.882081
27 4514.832190
27 4612.992232
27 4670.140466
27 4774.974570
27 4838.011642
27 4911.994973
27 5011.223046
27 5103.338985
27 5172.092826
27 5232.866733
27 5306.003939
27 5425.000567
27 5524.204536
27 5593.825401
27 5681.067199
27 5786.133475
27 5883.480535
27 5999.823074
28 79.384868
28 156.720785
28 229.466794
28 283.793991
28 344.003024
28 463.476651
28 531.024461
28 613.861419
28 696.631572
28 798.450978
28 876.089107
28 912.712902
28 1020.100910
28 1084.872691
28 1140.748800
28 1221.216205
28 1325.034547
28 1414.428293
28 1486.782166
28 1588.112621
28 1637.467327
28 1762.232171
28 1890.856886
28 1948.034972
28 2053.429771
28 2150.549594
28 2196.116695
28 2255.544953
28 2374.356671
28 2423.014486
28 2492.900663
28 2522.461897
28 2650.347168
28 2751.836681
28 2859.947690
28 2920.944560
28 2990.240824
28 3078.528226
28 3180.747377
28 3229.559653
28 3339.393131
28 3402.165314
28 3481.551461
28 3537.123947
28 3658.370880
28 3708.780345
28 3819.384183
28 3901.605766
28 3968.167095
28 4019.753433
28 4124.766027
28 4233.663358
28 4325.345027
28 4418.516230
28 4514.049178
28 4582.957136
28 4669.162946
28 4757.489795
28 4805.703943
28 4915.489997
28 4989.447144
28 5023.031951
28 5090.811014
28 5191.156019
28 5280.072172
28 5326.735881
28 5423.030799
28 5513.437911
28 5622.655159
28 5693.486513
28 5760.535359
28 5895.600857
28 5953.413129
29 96.459443
29 153.873925
29 221.074170
29 299.900330
29 358.259165
29 465.050328
29 562.783097
29 635.187317
29 736.734572
29 810.835517
29 922.175002
29 986.396805
29 1058.983296
29 1169.008453
29 1211.803618
29 1326.495883
29 1416.383891
29 1529.147814
29 1566.015888
29 1665.860586
29 1739.773280
29 1837.597887
29 1993.206052
29 2047.042816
29 2091.901966
29 2135.375174
29 2205.924572
29 2283.412801
29 2382.594203
29 2466.364119
29 2569.961544
29 2700.048948
29 2761.463456
29 2927.060865
29 2965.161400
29 3079.794611
29 3229.003361
29 3298.291646
29 3371.292676
29 3429.934483
29 3574.363165
29 3669.465176
29 3782.399143
29 3879.493741
29 3954.864830
29 3998.817999
29 4065.907525
29 4145.977288
29 4208.585573
29 4291.903886
29 4363.413702
29 4432.728009
29 4513.942694
29 4626.231783
29 4722.975553
29 4729.283187
29 4820.352387
29 4910.852586
29 4998.348557
29 5075.521663
29 5118.185861
29 5227.680210
29 5275.404221
29 5377.252777
29 5450.105529
29 5473.289744
29 5571.581842
29 5664.042555
29 5718.161026
29 5869.857982
30 92.573812
30 153.949274
30 220.058573
30 328.705985
30 463.440615
30 559.562170
30 677.506564
30 771.979808
30 876.002745
30 966.861155
30 1068.241148
30 1153.841371
30 1208.828121
30 1286.706292
30 1385.687408
30 1508.311678
30 1561.021367
30 1653.441630
30 1719.771704
30 1811.928644
30 1942.938104
30 2013.056888
30 2070.319183
30 2153.265618
30 2239.080602
30 2323.323150
30 2422.237956
30 2489.478863
30 2570.194866
30 2680.960826
30 2769.663408
30 2843.256234
30 2899.403202
30 3001.591591
30 3053.564256
30 3140.506321
30 3250.290437
30 3338.075779
30 3435.514041
30 3522.919024
30 3595.970736
30 3672.398697
30 3746.325662
30 3846.460417
30 3955.407062
30 4060.426491
30 4158.111533
30 4258.891234
30 4340.367062
30 4396.554320
30 4476.258104
30 4582.890494
30 4697.357555
30 4772.456519
30 4868.753017
30 4965.927604
30 5026.681899
30 5104.257324
30 5215.163292
30 5308.482351
30 5408.566620
30 5490.387786
30 5639.414517
30 5698.909795
30 5789.103882
30 5892.110725
30 5953.392100
31 64.024430
31 166.130057
31 282.173535
31 325.905364
31 381.559488
31 464.423342
31 531.618468
31 633.906890
31 718.796536
31 823.308548
31 909.184769
31 1009.306339
31 1107.073880
31 1240.535700
31 1304.044668
31 1357.078789
31 1485.758950
31 1567.150511
31 1681.025746
31 1732.173445
31 1815.367571
31 1914.221326
31 2007.214629
31 2131.897489
31 2212.947683
31 2275.382329
31 2400.401817
31 2489.727761
31 2602.555662
31 2660.203164
31 2760.429395
31 2859.157567
31 2979.501563
31 3080.103624
31 3180.718847
31 3328.647670
31 3403.262442
31 3534.788775
31 3615.167863
31 3673.827115
31 3779.414439
31 3891.846614
31 3969.486188
31 4030.811979
31 4123.199243
31 4224.765463
31 4303.962683
31 4399.474075
31 4456.334488
31 4565.645620
31 4615.605136
31 4722.204506
31 4822.961856
31 4913.564118
31 4998.136977
31 5057.091273
31 5148.885503
31 5257.669523
31 5374.499580
31 5450.409931
31 5534.565287
31 5615.445125
31 5694.392741
31 5727.314332
31 5804.973420
31 5888.633153
31 5974.832203
32 102.413281
32 179.086455
32 253.271778
32 379.812805
32 501.335971
32 577.882935
32 675.646105
32 757.226678
32 833.185942
32 934.720066
32 1020.182561
32 1109.875859
32 1194.274154
32 1264.347834
32 1329.979649
32 1437.322873
32 1528.978741
32 1624.174901
32 1732.105580
32 1810.847007
32 1898.828021
32 1968.326879
32 2119.279993
32 2206.444042
32 2315.867182
32 2439.557477
32 2557.919446
32 2648.354396
32 2778.384094
32 2878.342147
32 2897.529162
32 2962.946714
32 3063.747067
32 3141.276343
32 3244.209889
32 3360.457569
32 3436.537124
32 3490.566140
32 3537.068914
32 3662.471206
32 3671.212511
32 3756.544493
32 3869.629951
32 3998.819357
32 4040.361468
32 4144.939490
32 4208.118246
32 4272.790964
32 4363.863815
32 4479.330869
32 4557.415807
32 4666.919009
32 4789.428096
32 4838.194927
32 4942.293618
32 4982.489167
32 5057.006794
32 5107.386472
32 5190.398644
32 5363.506047
32 5491.368963
32 5570.127944
32 5632.711560
32 5691.836094
32 5787.231726
32 5890.635121
32 5980.424869
33 48.025379
33 96.054364
33 158.749744
33 214.745799
33 305.570142
33 404.309440
33 478.976013
33 601.506366
33 625.639752
33 694.870553
33 799.805960
33 898.799666
33 1015.867912
33 1121.472666
33 1192.309853
33 1263.767361
33 1419.083777
33 1483.499302
33 1570.209861
33 1647.008222
33 1714.883288
33 1730.345535
33 1796.448893
33 1898.026849
33 1913.870517
33 1994.127841
33 2092.262716
33 2200.186657
33 2254.205962
33 2357.067815
33 2476.500815
33 2546.330397
33 2703.107791
33 2781.874154
33 2859.692333
33 2986.699440
33 3095.792487
33 3162.811593
33 3233.079177
33 3359.975685
33 3437.235302
33 3543.966249
33 3613.186732
33 3672.968984
33 3780.021734
33 3864.506091
33 3968.713408
33 4027.730774
33 4068.266758
33 4178.475096
33 4295.448487
33 4349.205712
33 4409.823914
33 4514.961896
33 4614.491103
33 4651.013173
33 4730.101162
33 4814.003885
33 4915.194783
33 5011.669365
33 5087.567405
33 5207.263317
33 5311.005942
33 5424.057230
33 5524.658347
33 5610.556483
33 5666.737892
33 5732.065003
33 5808.151291
33 5896.392194
34 111.142027
34 215.924268
34 325.026352
34 418.056383
34 515.250536
34 524.934126
34 636.980384
34 764.112630
34 887.703063
34 961.769356
34 1063.745667
34 1211.771611
34 1274.596951
34 1366.304682
34 1460.769469
34 1553.329509
34 1643.527343
34 1764.054582
34 1809.725305
34 1950.344603
34 2010.936714
34 2119.896979
34 2157.912140
34 2262.530478
34 2290.116414
34 2358.742994
34 2420.952015
34 2492.402243
34 2589.592514
34 2666.542379
34 2787.659453
34 2858.204902
34 2931.038586
34 3013.686889
34 3060.816503
34 3178.570300
34 3248.894160
34 3327.404675
34 3354.602496
34 3446.249856
34 3514.671684
34 3553.620530
34 3679.667007
34 3764.375778
34 3808.596911
34 3923.565220
34 4066.069957
34 4148.936992
34 4247.884878
34 4305.900417
34 4437.892056
34 4526.315262
34 4625.414619
34 4728.448063
34 4836.946046
34 4910.088687
34 4964.601305
34 5066.518600
34 5165.561691
34 5277.083343
34 5380.850059
34 5493.995207
34 5538.325450
34 5675.092610
34 5771.364258
34 5841.729775
34 5911.671973
35 99.122794
35 178.090617
35 251.393214
35 322.675175
35 381.681404
35 494.197216
35 629.459025
35 737.874251
35 878.669350
35 982.759597
35 1083.421236
35 1194.091823
35 1263.875796
35 1345.169610
35 1454.762489
35 1542.459487
35 1625.504953
35 1760.104761
35 1915.084668
35 2009.408110
35 2093.718348
35 2152.344031
35 2286.384570
35 2401.364254
35 2463.795617
35 2507.649151
35 2627.111824
35 2716.045138
35 2797.594045
35 2897.167619
35 2979.517033
35 3120.478652
35 3178.616254
35 3306.314229
35 3364.518115
35 3472.598303
35 3553.278055
35 3652.522355
35 3715.487864
35 3826.657750
35 3917.766517
35 3970.371821
35 4070.227192
35 4205.248139
35 4297.202602
35 4364.674775
35 4454.297923
35 4496.863006
35 4593.548808
35 4700.919573
35 4820.888230
35 4915.664391
35 5013.888656
35 5162.659277
35 5211.797328
35 5326.851126
35 5402.847396
35 5523.235994
35 5590.495823
35 5724.614310
35 5819.325034
35 5921.480848
35 5985.051008
36 55.745516
36 155.690656
36 213.895449
36 325.333959
36 416.591328
36 495.794013
36 590.637172
36 706.577056
36 757.275284
36 843.875466
36 918.543406
36 995.814393
36 1091.233752
36 1195.427007
36 1326.966673
36 1417.241585
36 1468.788237
36 1530.144620
36 1586.803272
36 1652.987038
36 1731.371599
36 1782.561968
36 1899.968463
36 2055.505170
36 2131.416139
36 2230.995181
36 2330.231217
36 2529.895825
36 2611.648989
36 2694.925315
36 2806.974849
36 2927.157099
36 3027.689380
36 3141.599808
36 3233.099545
36 3302.257444
36 3380.117576
36 3452.269032
36 3586.234502
36 3635.265723
36 3734.221442
36 3784.371601
36 3904.990539
36 3998.009006
36 4080.705008
36 4179.552909
36 4245.974968
36 4434.261869
36 4557.226152
36 4611.366855
36 4773.005589
36 4869.603150
36 4962.153934
36 5027.590306
36 5127.034085
36 5195.273760
36 5271.725609
36 5343.079589
36 5360.027687
36 5466.443076
36 5545.560347
36 5686.536528
36 5766.628892
36 5892.662744
36 5953.103799
37 96.552711
37 219.141061
37 284.800069
37 402.122198
37 526.506408
37 558.785782
37 633.347046
37 715.292708
37 792.806509
37 917.551679
37 1019.047156
37 1151.916324
37 1266.746230
37 1416.409456
37 1522.769029
37 1647.557452
37 1733.033809
37 1816.643157
37 1912.960888
37 1968.381700
37 2058.931683
37 2135.789865
37 2286.435888
37 2355.049903
37 2503.939525
37 2572.324079
37 2700.690145
37 2822.126927
37 2859.244331
37 3013.341989
37 3115.722083
37 3202.668091
37 3273.982101
37 3340.567371
37 3428.854026
37 3528.510808
37 3641.825340
37 3715.758812
37 3783.845919
37 3926.740967
37 4018.659746
37 4163.766607
37 4242.233748
37 4337.873020
37 4455.208399
37 4553.965806
37 4696.634324
37 4731.721993
37 4852.841777
37 4931.132958
37 5024.520210
37 5126.052830
37 5277.495484
37 5340.557394
37 5451.181162
37 5566.803436
37 5637.062602
37 5694.353696
37 5803.305684
37 5819.976391
37 5953.481486
38 56.627012
38 161.859084
38 256.448254
38 345.881845
38 459.352385
38 518.166925
38 633.921228
38 780.032054
38 898.963659
38 983.975419
38 1096.289553
38 1153.609744
38 1248.595266
38 1404.482886
38 1504.328823
38 1607.017207
38 1705.950012
38 1800.393651
38 1871.649535
38 1945.171480
38 2075.796155
38 2134.560227
38 2356.337090
38 2453.917438
38 2529.569802
38 2645.792170
38 2729.892775
38 2857.461014
38 2962.874054
38 3078.701037
38 3112.590277
38 3215.401950
38 3309.094540
38 3348.668041
38 3506.913004
38 3561.179932
38 3652.726216
38 3764.712626
38 3840.978255
38 3975.621521
38 4049.048645
38 4105.530355
38 4240.456059
38 4362.724246
38 4488.743563
38 4624.935481
38 4774.727799
38 4893.165997
38 4936.882240
38 5025.888622
38 5107.815103
38 5214.953706
38 5260.610999
38 5378.120992
38 5441.928478
38 5462.683947
38 5534.829969
38 5655.596650
38 5744.274399
38 5894.723770
38 5969.941737
39 60.454003
39 162.950953
39 215.585483
39 342.252998
39 434.015237
39 558.252220
39 680.889998
39 752.443448
39 865.836635
39 941.735831
39 1048.899333
39 1173.310120
39 1248.253394
39 1306.271758
39 1385.810156
39 1486.494650
39 1585.169499
39 1664.295244
39 1760.230169
39 1862.164650
39 1945.595548
39 2069.751116
39 2154.948095
39 2234.179260
39 2290.175224
39 2414.977886
39 2469.920287
39 2605.949208
39 2719.681589
39 2823.235874
39 2899.164923
39 3036.870486
39 3095.366725
39 3193.046212
39 3249.377577
39 3352.583837
39 3445.426888
39 3508.852462
39 3613.864251
39 3773.327690
39 3924.215800
39 4017.756381
39 4116.031878
39 4209.341691
39 4334.913482
39 4459.348939
39 4513.442537
39 4593.710376
39 4649.041948
39 4730.449049
39 4860.612996
39 4929.207698
39 5067.660200
39 5212.322297
39 5311.008427
39 5489.586020
39 5593.325131
39 5683.175894
39 5784.810813
39 5897.335800
39 5993.693604
40 73.104018
40 199.160526
40 330.538697
40 360.627730
40 496.014359
40 602.340755
40 721.857215
40 870.017292
40 942.182971
40 1066.841223
40 1192.357432
40 1346.487800
40 1415.570361
40 1582.818905
40 1679.513555
40 1767.232946
40 1920.830492
40 1945.013290
40 2069.866938
40 2184.462997
40 2306.136777
40 2421.829283
40 2490.335803
40 2563.692118
40 2655.715107
40 2723.826665
40 2841.553836
40 2926.189136
40 3030.463748
40 3118.269131
40 3167.673753
40 3228.904710
40 3363.587464
40 3465.502538
40 3505.425608
40 3630.269393
40 3672.548110
40 3812.154249
40 3956.642560
40 4000.065843
40 4078.701551
40 4166.871339
40 4277.381866
40 4422.873329
40 4527.627361
40 4596.380940
40 4691.863961
40 4752.691060
40 4868.626163
40 4966.441658
40 5101.174657
40 5236.298069
40 5347.940241
40 5448.526323
40 5505.647792
40 5650.564686
40 5720.774012
40 5867.042002
40 5953.893804
41 107.466070
41 234.691293
41 359.622495
41 433.907720
41 561.676567
41 617.924277
41 722.522490
41 812.809453
41 894.876833
41 998.313971
41 1100.572428
41 1195.192382
41 1248.814413
41 1330.183547
41 1439.008276
41 1504.798265
41 1582.796903
41 1725.793553
41 1836.932444
41 1943.440177
41 2020.911550
41 2108.337333
41 2206.837793
41 2323.114567
41 2414.667072
41 2532.143888
41 2599.117578
41 2720.122481
41 2861.536019
41 2899.985897
41 2984.161673
41 3038.741672
41 3185.015241
41 3262.041156
41 3383.074686
41 3504.375013
41 3588.163855
41 3712.980833
41 3771.475251
41 3821.096817
41 3950.270172
41 4043.571979
41 4129.877839
41 4272.524933
41 4349.755151
41 4465.847643
41 4536.143291
41 4678.257501
41 4788.304998
41 4893.761787
41 4991.383341
41 5138.242599
41 5214.005923
41 5331.208396
41 5401.418419
41 5527.213660
41 5688.156556
41 5791.026299
41 5866.557201
41 5935.443365
42 121.708500
42 234.972072
42 355.213989
42 439.254176
42 547.285801
42 712.114404
42 852.161998
42 942.016588
42 1022.375261
42 1110.948836
42 1210.271159
42 1266.651173
42 1353.602332
42 1505.119084
42 1638.266713
42 1645.811998
42 1761.490801
42 1901.725338
42 1969.909141
42 2055.619207
42 2154.343266
42 2235.134020
42 2342.213475
42 2423.081894
42 2507.102073
42 2592.225163
42 2687.239201
42 2794.803826
42 2859.844273
42 2962.119172
42 3078.446686
42 3180.509337
42 3328.348905
42 3415.995194
42 3504.959844
42 3588.657009
42 3660.252223
42 3779.253271
42 3875.418271
42 3951.579073
42 4050.906355
42 4126.440143
42 4209.043733
42 4259.562975
42 4327.497784
42 4455.908452
42 4518.585093
42 4647.250599
42 4730.016065
42 4819.444055
42 4956.397676
42 5067.143104
42 5190.244398
42 5334.515892
42 5426.138697
42 5530.150482
42 5629.567016
42 5728.147566
42 5825.009903
42 5871.381798
43 109.664894
43 249.780040
43 332.078890
43 464.526752
43 529.031940
43 676.488784
43 796.286585
43 942.008197
43 1075.117471
43 1129.173017
43 1280.707210
43 1409.675432
43 1506.139643
43 1663.632365
43 1726.304409
43 1838.194039
43 1918.052698
43 2032.972254
43 2137.288706
43 2262.612678
43 2378.210286
43 2437.396610
43 2559.409981
43 2689.238973
43 2821.584794
43 2902.134887
43 3022.500287
43 3176.702024
43 3231.072992
43 3341.016100
43 3532.904006
43 3605.996637
43 3749.607629
43 3864.509406
43 3974.085865
43 4131.930363
43 4227.274471
43 4311.713815
43 4454.845003
43 4556.346115
43 4626.133785
43 4763.368374
43 4911.473862
43 4968.326319
43 5122.955008
43 5193.238326
43 5326.178102
43 5448.026071
43 5546.255665
43 5621.215640
43 5695.338857
43 5818.584879
43 5954.871676
44 150.040771
44 303.028468
44 356.705404
44 418.530778
44 604.922570
44 743.481908
44 843.739979
44 877.877878
44 966.001174
44 1076.667849
44 1174.126253
44 1303.989707
44 1457.873151
44 1522.496740
44 1567.881917
44 1654.771917
44 1730.312447
44 1811.997902
44 1865.681395
44 1948.357297
44 2053.753609
44 2128.337595
44 2209.712437
44 2343.253724
44 2435.853943
44 2568.666078
44 2619.597061
44 2741.822422
44 2860.715838
44 2985.636988
44 3062.397349
44 3163.696887
44 3287.812338
44 3382.321618
44 3517.300227
44 3572.697175
44 3692.069949
44 3812.047394
44 3891.239233
44 3997.325636
44 4089.420573
44 4169.122409
44 4315.363063
44 4464.364835
44 4526.917006
44 4684.593041
44 4795.216806
44 4928.693474
44 5007.911623
44 5092.375175
44 5215.412387
44 5322.859891
44 5508.059247
44 5614.925664
44 5693.880747
44 5755.234839
44 5859.023244
44 5999.105930
45 57.693651
45 153.107346
45 236.719583
45 303.401703
45 388.248494
45 530.766355
45 602.477899
45 714.751178
45 811.510708
45 908.289103
45 1012.667749
45 1097.167403
45 1228.550483
45 1325.639316
45 1438.695970
45 1555.471714
45 1649.391050
45 1754.865669
45 1778.840014
45 1943.800429
45 2017.006479
45 2111.230811
45 2199.196620
45 2330.922466
45 2466.935420
45 2544.356825
45 2655.461318
45 2715.222027
45 2899.257337
45 3041.222356
45 3140.802563
45 3268.444443
45 3436.723146
45 3503.646402
45 3552.997658
45 3708.910921
45 3839.919434
45 3975.582030
45 4061.727719
45 4165.432333
45 4271.522125
45 4336.230742
45 4420.643320
45 4560.124147
45 4659.616507
45 4843.563947
45 4964.873427
45 5085.725335
45 5242.282867
45 5325.721127
45 5404.080769
45 5517.434615
45 5627.441609
45 5727.049049
45 5837.935012
45 5934.592177
46 102.116222
46 217.948833
46 302.447246
46 461.249126
46 598.446534
46 635.980262
46 715.928198
46 797.809633
46 863.202803
46 965.120825
46 1091.319966
46 1274.407887
46 1415.561081
46 1528.430212
46 1627.119178
46 1763.706324
46 1949.809913
46 2093.574720
46 2227.434307
46 2286.476716
46 2461.465631
46 2594.317691
46 2648.635559
46 2742.802155
46 2843.219956
46 2924.818223
46 3074.775270
46 3180.530758
46 3340.919811
46 3432.083239
46 3506.515891
46 3684.658703
46 3815.421315
46 3976.101812
46 4050.595395
46 4175.700780
46 4337.903554
46 4365.424615
46 4476.977151
46 4593.291611
46 4697.394789
46 4821.871886
46 4983.998668
46 5095.027557
46 5232.138299
46 5316.254032
46 5449.232820
46 5575.839422
46 5684.337799
46 5765.618561
46 5850.785433
46 5951.064346
47 68.574570
47 234.243793
47 250.298120
47 339.813531
47 445.065041
47 577.350410
47 786.480095
47 842.641296
47 1016.027606
47 1177.362996
47 1362.461603
47 1486.379511
47 1586.477445
47 1693.619162
47 1836.551399
47 1944.065754
47 2090.402283
47 2250.339211
47 2355.242578
47 2493.261091
47 2601.102623
47 2732.592735
47 2842.252080
47 2979.402249
47 3095.590041
47 3253.182429
47 3398.019784
47 3552.899425
47 3689.843776
47 3804.815795
47 3890.253172
47 3997.477021
47 4073.531326
47 4164.986651
47 4241.342623
47 4336.525231
47 4464.804312
47 4535.956331
47 4648.070616
47 4724.457548
47 4868.939897
47 5033.328645
47 5142.677372
47 5235.637006
47 5357.471431
47 5403.670032
47 5510.616022
47 5664.743604
47 5748.190650
47 5819.715443
47 5895.769490
48 84.409407
48 115.499857
48 178.280428
48 259.055652
48 360.556473
48 498.489608
48 627.495476
48 767.899420
48 897.427934
48 989.170493
48 1063.955899
48 1193.023110
48 1279.669604
48 1439.694596
48 1583.628211
48 1627.361368
48 1761.324430
48 1861.723897
48 1971.861527
48 2045.811674
48 2226.763497
48 2420.517406
48 2565.924557
48 2729.879676
48 2841.925119
48 2979.921649
48 3104.092130
48 3181.219424
48 3318.306413
48 3441.723130
48 3487.733530
48 3590.409988
48 3676.463230
48 3855.995818
48 3975.491303
48 4060.742410
48 4133.621987
48 4243.529584
48 4362.678850
48 4525.939356
48 4555.254772
48 4652.881023
48 4747.205115
48 4890.874170
48 5051.035676
48 5191.236202
48 5227.981598
48 5363.091638
48 5445.954510
48 5578.511136
48 5702.510932
48 5806.509600
48 5905.930074
49 124.504366
49 238.996970
49 371.475380
49 446.012504
49 540.889263
49 737.235143
49 899.253523
49 1019.999675
49 1080.065818
49 1227.878422
49 1366.013566
49 1444.507081
49 1553.503770
49 1650.817774
49 1746.765007
49 1763.116548
49 1899.017581
49 2013.653368
49 2109.062163
49 2174.779210
49 2317.169032
49 2436.353557
49 2488.197081
49 2604.359171
49 2729.149459
49 2822.628768
49 2958.356054
49 3119.133118
49 3182.640681
49 3274.278579
49 3458.976619
49 3553.614519
49 3679.269016
49 3791.204695
49 3929.207381
49 4068.388512
49 4179.928897
49 4287.599086
49 4366.034235
49 4434.103752
49 4522.314426
49 4626.684640
49 4697.046757
49 4833.172589
49 4966.397611
49 5124.121654
49 5230.389411
49 5326.341774
49 5406.840161
49 5529.833908
49 5611.704069
49 5724.214381
49 5857.167114
49 5952.972119
50 130.112478
50 214.003330
50 304.730085
50 381.820271
50 456.945407
50 600.953841
50 654.324467
50 795.239715
50 942.343138
50 1059.176815
50 1173.187189
50 1265.515151
50 1386.697204
50 1528.787091
50 1645.373130
50 1768.865124
50 1789.177638
50 1918.185988
50 2043.700748
50 2179.783468
50 2288.551661
50 2413.115322
50 2582.867009
50 2662.400090
50 2729.272119
50 2841.944499
50 2948.733758
50 3180.717629
50 3288.912595
50 3388.595038
50 3536.840026
50 3679.107038
50 3749.517896
50 3873.941262
50 4010.110627
50 4094.222472
50 4183.829527
50 4313.279474
50 4449.480899
50 4556.972187
50 4699.074915
50 4821.409356
50 4995.968336
50 5157.537975
50 5236.086012
50 5404.538382
50 5486.580455
50 5675.841558
50 5818.783773
50 5955.125645
51 157.626137
51 198.932883
51 400.062150
51 530.195572
51 599.609669
51 806.167708
51 919.541891
51 988.051726
51 1121.114088
51 1230.579638
51 1387.192382
51 1505.121499
51 1627.143314
51 1682.340203
51 1868.099668
51 1964.572345
51 2052.282079
51 2136.606960
51 2234.616051
51 2377.368050
51 2513.647975
51 2618.485896
51 2734.160474
51 2841.219765
51 2968.865385
51 3139.327684
51 3280.075146
51 3412.489592
51 3485.868837
51 3561.915143
51 3715.155131
51 3836.000270
51 3954.488391
51 4082.946076
51 4209.806788
51 4295.547352
51 4401.886786
51 4476.689771
51 4554.705156
51 4628.837388
51 4774.500371
51 4984.648066
51 5088.512051
51 5186.321178
51 5363.519951
51 5487.786769
51 5645.437851
51 5722.445006
51 5820.393160
51 5955.465923
52 109.327584
52 253.809453
52 377.083573
52 530.471580
52 655.509228
52 761.732110
52 912.920802
52 1094.676154
52 1247.948490
52 1324.372105
52 1465.664039
52 1622.971267
52 1764.644965
52 1901.081435
52 2040.297671
52 2203.128921
52 2361.808242
52 2510.910090
52 2599.887853
52 2796.838398
52 2899.055180
52 3079.668167
52 3267.520368
52 3370.814826
52 3412.991143
52 3528.787966
52 3661.451351
52 3836.771239
52 4047.618614
52 4131.105802
52 4259.700234
52 4477.113851
52 4659.534645
52 4773.371576
52 4929.941647
52 5085.256971
52 5231.793836
52 5361.599538
52 5491.412432
52 5573.797790
52 5723.325879
52 5817.187401
52 5886.573761
52 5954.353120
53 112.610985
53 235.296271
53 334.024978
53 498.154370
53 633.997961
53 769.077677
53 919.780396
53 1047.228185
53 1212.729196
53 1264.252111
53 1406.699774
53 1528.858186
53 1588.972315
53 1706.252125
53 1863.516658
53 2026.416467
53 2086.258725
53 2232.662535
53 2376.156388
53 2581.164404
53 2776.679805
53 2957.770052
53 3140.125804
53 3311.394520
53 3449.361370
53 3574.414196
53 3733.116840
53 3864.410172
53 4049.903941
53 4179.377871
53 4351.362390
53 4520.718026
53 4698.451906
53 4850.958853
53 4959.470862
53 5233.977941
53 5408.065300
53 5565.466550
53 5642.424603
53 5730.155026
53 5874.971604
54 188.465683
54 341.321406
54 447.009735
54 576.884002
54 740.640450
54 875.425199
54 967.016791
54 1114.539597
54 1331.239104
54 1438.451253
54 1554.494476
54 1698.003890
54 1837.077442
54 2013.417560
54 2155.307768
54 2322.209917
54 2491.000859
54 2617.485966
54 2788.257887
54 2945.995567
54 3073.307397
54 3251.369694
54 3390.428161
54 3551.757885
54 3661.129778
54 3755.572437
54 3968.461853
54 4067.029382
54 4124.232843
54 4290.055035
54 4420.875555
54 4585.968719
54 4748.664903
54 4889.496247
54 5021.036356
54 5192.751978
54 5335.764568
54 5488.795176
54 5573.833072
54 5677.791276
54 5828.628924
54 5956.146114
55 57.394138
55 217.130652
55 325.732157
55 441.249356
55 568.253213
55 792.936412
55 900.132902
55 1122.455347
55 1304.994570
55 1523.632625
55 1683.079872
55 1850.149060
55 1944.544500
55 2109.081220
55 2257.490985
55 2393.108379
55 2532.899140
55 2606.939086
55 2649.416887
55 2734.582782
55 2898.184808
55 2983.059987
55 3120.440238
55 3230.182209
55 3307.978778
55 3441.057931
55 3573.021461
55 3638.671920
55 3748.508442
55 3864.779893
55 4050.922279
55 4208.140807
55 4378.813667
55 4518.339801
55 4693.569365
55 4792.248549
55 4928.897895
55 5075.483270
55 5191.359498
55 5308.971203
55 5444.599531
55 5634.825003
55 5728.949263
55 5799.340782
55 5940.800321
56 72.455044
56 219.166521
56 261.822199
56 332.721264
56 444.994045
56 602.266756
56 679.045466
56 798.453369
56 893.840096
56 1013.144912
56 1098.141123
56 1193.198359
56 1411.769709
56 1505.700216
56 1632.853971
56 1779.507146
56 1865.005945
56 2071.967155
56 2150.485438
56 2317.833340
56 2549.869689
56 2683.936526
56 2843.423632
56 2890.995178
56 3035.160904
56 3165.368085
56 3273.013062
56 3392.072136
56 3536.516828
56 3674.705260
56 3727.172954
56 3892.981173
56 3929.049435
56 4152.670270
56 4227.053420
56 4348.018013
56 4409.866627
56 4554.918055
56 4667.664131
56 4893.472653
56 4952.557990
56 5087.281389
56 5192.909428
56 5339.051382
56 5527.112857
56 5756.103561
56 5860.145849
57 105.343847
57 253.531808
57 342.920371
57 530.255582
57 654.172378
57 854.863453
57 939.647648
57 1093.223493
57 1324.079191
57 1506.792070
57 1657.643446
57 1743.554378
57 1896.897977
57 2009.946838
57 2157.548685
57 2355.561801
57 2520.112273
57 2715.857618
57 2842.588817
57 2959.253517
57 3118.053889
57 3229.830995
57 3354.999556
57 3449.419181
57 3632.331813
57 3730.750241
57 3860.714884
57 3954.140658
57 3999.028907
57 4170.358336
57 4349.296149
57 4534.446086
57 4791.407538
57 4909.722651
57 5143.004351
57 5379.799568
57 5444.279288
57 5521.754068
57 5654.620048
57 5800.152588
57 5974.174281
58 201.638955
58 320.796264
58 445.117195
58 656.988876
58 741.846686
58 909.758248
58 1153.805558
58 1262.218724
58 1461.472139
58 1655.300206
58 1812.467432
58 2024.147488
58 2153.122968
58 2239.532074
58 2375.363586
58 2567.505649
58 2650.566967
58 2770.006428
58 2920.836093
58 3166.090934
58 3377.510629
58 3699.790227
58 3807.526041
58 4020.241783
58 4183.272539
58 4291.537537
58 4369.805282
58 4596.709764
58 4778.773823
58 4893.298265
58 5026.269612
58 5172.350887
58 5276.391758
58 5571.611839
58 5702.530213
58 5927.555020
59 210.464601
59 287.944950
59 531.255275
59 723.462781
59 910.174946
59 1130.722764
59 1230.775420
59 1367.728263
59 1587.002113
59 1834.391251
59 2034.773171
59 2273.619255
59 2380.326794
59 2571.172381
59 2674.249228
59 2900.110838
59 3065.705079
59 3157.957406
59 3392.709800
59 3552.586733
59 3772.238439
59 3931.889753
59 4167.465858
59 4275.986347
59 4575.144375
59 4792.108477
59 4914.281970
59 5091.029294
59 5278.627472
59 5334.023089
59 5490.333715
59 5629.772743
59 5830.411519
59 5969.604242
60 111.050642
60 233.493660
60 446.331031
60 672.606107
60 767.417047
60 940.363734
60 1064.627119
60 1170.278404
60 1402.983080
60 1613.869744
60 1838.207305
60 1987.218000
60 2130.633317
60 2326.619634
60 2468.210979
60 2665.158520
60 2830.422695
60 2978.225712
60 3195.626494
60 3269.255295
60 3387.086652
60 3468.056807
60 3552.168083
60 3709.105689
60 4025.235238
60 4146.267190
60 4333.046218
60 4459.493210
60 4697.535900
60 4816.975008
60 4990.467640
60 5259.479217
60 5323.840279
60 5536.324557
60 5764.078494
60 5835.374810
60 5954.456279
61 177.452354
61 428.772025
61 603.200185
61 790.371976
61 992.187429
61 1133.943423
61 1235.004982
61 1359.257725
61 1527.393111
61 1728.140000
61 1833.755503
61 1987.362108
61 2190.477283
61 2357.678029
61 2565.417689
61 2653.008732
61 2859.432829
61 3196.390773
61 3433.986279
61 3700.835404
61 3922.991099
61 4180.118867
61 4308.096162
61 4475.140969
61 4626.325544
61 4728.517353
61 4852.188654
61 5042.218899
61 5121.780371
61 5166.758648
61 5405.079262
61 5537.845857
61 5632.119066
61 5822.182725
62 110.086756
62 281.325505
62 417.961960
62 558.113960
62 801.605042
62 962.783378
62 1121.493443
62 1325.786387
62 1606.620724
62 1777.632312
62 1916.192654
62 2116.050223
62 2287.938711
62 2437.631428
62 2688.727481
62 2858.380011
62 2980.255704
62 3229.977171
62 3477.904994
62 3593.397739
62 3797.824735
62 3975.419739
62 4081.584479
62 4266.996666
62 4525.971045
62 4815.531787
62 5047.970431
62 5242.974455
62 5425.810235
62 5680.242189
62 5858.833097
63 227.769786
63 417.174083
63 671.648319
63 860.248515
63 1065.797266
63 1152.358781
63 1416.007543
63 1554.233074
63 1649.221248
63 1781.581991
63 2032.860858
63 2118.538660
63 2289.652390
63 2434.542359
63 2746.223265
63 2840.884469
63 3039.831047
63 3326.605333
63 3553.638701
63 3718.467463
63 4040.201932
63 4210.031929
63 4389.291387
63 4535.356094
63 4704.177883
63 4870.906504
63 5055.140902
63 5232.236223
63 5422.273233
63 5613.052392
63 5924.326637
64 276.561474
64 494.392272
64 767.352415
64 1019.215760
64 1299.991901
64 1502.525233
64 1663.307847
64 1913.488691
64 2092.777571
64 2378.491571
64 2663.509456
64 2952.568901
64 3120.058143
64 3391.201389
64 3555.522730
64 3799.832784
64 3954.521778
64 4161.470089
64 4315.637568
64 4666.968379
64 4966.868600
64 5105.005984
64 5319.032954
64 5656.996276
64 5853.156149
65 219.183530
65 306.934249
65 531.330831
65 719.490511
65 904.688274
65 1262.910733
65 1413.432883
65 1664.635524
65 1794.242484
65 1944.682525
65 2152.762890
65 2416.009327
65 2705.279070
65 2896.489511
65 3056.850784
65 3228.646005
65 3507.387592
65 3713.664009
65 3964.000181
65 4177.979293
65 4387.831013
65 4701.003213
65 4921.010155
65 5210.835699
65 5305.679711
65 5571.800046
65 5829.555884
65 5931.858362
66 131.632588
66 402.718363
66 674.232549
66 962.591663
66 1289.383446
66 1536.899636
66 1775.651408
66 1986.708517
66 2222.852736
66 2493.992109
66 2741.292787
66 3014.314492
66 3206.627501
66 3449.275333
66 3750.537848
66 4024.663952
66 4289.242576
66 4515.537656
66 4728.012405
66 4868.216529
66 5138.644798
66 5438.763803
66 5637.840909
66 5875.702767
67 218.287598
67 529.828919
67 784.518879
67 963.848661
67 1305.177696
67 1735.460773
67 1943.828936
67 2167.681007
67 2325.036191
67 2500.189368
67 2711.248129
67 2946.616271
67 3163.494074
67 3450.973802
67 3674.269626
67 3911.527047
67 4277.232792
67 4507.740581
67 4730.635800
67 5020.448115
67 5410.987750
67 5572.268387
67 5788.221378
68 231.516614
68 397.014233
68 652.090137
68 796.719301
68 938.234261
68 1123.318702
68 1455.760385
68 1667.126949
68 1914.683451
68 2180.895260
68 2490.282630
68 2717.733270
68 2927.249374
68 3266.091141
68 3591.337808
68 3779.338666
68 4084.751227
68 4288.804799
68 4526.583763
68 4845.182101
68 5232.552837
68 5534.341882
68 5788.191880
69 418.175619
69 745.777946
69 1095.178993
69 1281.664693
69 1463.297203
69 1777.490070
69 2296.731468
69 2660.378101
69 2993.833683
69 3097.689411
69 3274.347065
69 3658.197699
69 3752.562774
69 4212.027596
69 4596.827480
69 4811.212497
69 5147.822840
69 5407.167250
69 5859.315128
70 330.114386
70 555.441672
70 748.316073
70 1130.170097
70 1417.895975
70 1762.663962
70 1901.614904
70 2111.043906
70 2344.105768
70 2700.564842
70 3009.408899
70 3338.876373
70 3654.711100
70 4131.669705
70 4515.104054
70 4772.180488
70 5036.009819
70 5327.400194
70 5665.124467
70 5947.792560
