1 67.434178
1 141.502621
1 222.396913
1 297.783250
1 362.513267
1 439.298166
1 522.582612
1 572.891169
1 672.068087
1 744.103462
1 829.607367
1 898.947625
1 974.094055
1 1059.390036
1 1113.791972
1 1177.051904
1 1240.945393
1 1332.986187
1 1406.020598
1 1457.357104
1 1529.714683
1 1611.073226
1 1690.566131
1 1769.378648
1 1824.680943
1 1936.336693
1 1983.584895
1 2065.069362
1 2133.207387
1 2212.070792
1 2286.789112
1 2358.598160
1 2428.099396
1 2513.410343
1 2594.299829
1 2681.089262
1 2764.009787
1 2843.544558
1 2930.657197
1 2986.379778
1 3075.654099
1 3153.214488
1 3219.749520
1 3279.030938
1 3354.193708
1 3422.506412
1 3493.724103
1 3546.121895
1 3626.721493
1 3700.623266
1 3762.128204
1 3835.816339
1 3906.597845
1 3989.400293
1 4055.878006
1 4137.081795
1 4195.946244
1 4284.275211
1 4359.435911
1 4446.254378
1 4504.117219
1 4600.595585
1 4661.366057
1 4738.292047
1 4804.202839
1 4878.173171
1 4947.293512
1 5009.335846
1 5086.212918
1 5127.609343
1 5206.946108
1 5290.659523
1 5350.229761
1 5434.844819
1 5509.753560
1 5580.165573
1 5657.974158
1 5732.213243
1 5791.722917
1 5857.884484
1 5929.348148
1 5982.256081
2 77.905303
2 141.702682
2 217.667440
2 295.203381
2 381.528491
2 438.535161
2 511.289349
2 588.528612
2 664.103143
2 740.904531
2 808.782784
2 880.097287
2 955.331431
2 1038.172701
2 1108.904533
2 1182.559965
2 1241.606345
2 1321.299438
2 1405.169874
2 1459.968145
2 1538.811504
2 1626.651257
2 1694.959446
2 1759.247434
2 1827.774566
2 1899.567093
2 1976.713476
2 2048.581226
2 2110.090735
2 2176.335296
2 2251.397035
2 2325.770058
2 2406.345742
2 2460.074908
2 2533.023696
2 2603.024475
2 2654.703281
2 2738.543224
2 2808.541429
2 2880.689341
2 2959.833674
2 3030.038565
2 3110.759697
2 3174.368429
2 3222.327301
2 3308.533324
2 3380.838892
2 3440.236487
2 3506.635074
2 3586.958270
2 3660.237758
2 3741.194462
2 3802.330027
2 3876.558972
2 3938.528556
2 4011.043909
2 4070.008668
2 4138.752023
2 4197.137916
2 4272.035307
2 4339.297692
2 4416.018367
2 4492.249396
2 4570.292081
2 4625.095206
2 4719.871087
2 4797.299003
2 4880.515516
2 4955.684797
2 5026.356254
2 5096.852499
2 5166.209281
2 5265.097133
2 5350.353952
2 5402.516200
2 5473.959053
2 5540.648905
2 5609.595758
2 5683.447354
2 5759.994188
2 5840.136866
2 5910.063449
2 5976.350797
3 71.045346
3 153.221883
3 240.399620
3 292.674849
3 383.308222
3 447.845748
3 512.878943
3 588.122928
3 666.063397
3 727.335354
3 794.392274
3 871.757029
3 932.501585
3 1025.462478
3 1092.474981
3 1158.353875
3 1244.031706
3 1294.989447
3 1370.550349
3 1431.895843
3 1520.024770
3 1576.856461
3 1664.580499
3 1746.952436
3 1798.482309
3 1866.295745
3 1938.640447
3 2024.710354
3 2093.867002
3 2176.484933
3 2240.490560
3 2328.015495
3 2385.772638
3 2459.347998
3 2508.918923
3 2602.913504
3 2678.688612
3 2744.129347
3 2823.046234
3 2885.345104
3 2942.145528
3 3024.513269
3 3073.318590
3 3166.773136
3 3240.600556
3 3329.087904
3 3374.903115
3 3464.286087
3 3534.923580
3 3617.427865
3 3700.934600
3 3784.168008
3 3841.515727
3 3900.898771
3 3975.976564
3 4047.908026
3 4113.723426
3 4195.989168
3 4256.513061
3 4313.417216
3 4378.942207
3 4444.030086
3 4504.042087
3 4598.472199
3 4654.238641
3 4716.725636
3 4810.179355
3 4887.421214
3 4950.688724
3 5044.491639
3 5126.963886
3 5184.022617
3 5291.658764
3 5349.603179
3 5427.132505
3 5500.059447
3 5579.353519
3 5666.196676
3 5731.579828
3 5810.276352
3 5888.174111
3 5950.133133
4 71.391860
4 149.416559
4 222.649679
4 278.802641
4 358.928945
4 438.084235
4 517.813678
4 589.200944
4 671.387150
4 749.522328
4 824.718791
4 901.029589
4 983.627717
4 1059.493475
4 1119.202337
4 1186.253210
4 1256.197105
4 1335.656016
4 1403.410958
4 1500.430028
4 1562.384584
4 1624.130042
4 1697.740519
4 1774.944350
4 1844.690332
4 1936.775079
4 2026.777936
4 2093.024710
4 2168.691981
4 2237.666334
4 2310.507917
4 2380.487962
4 2453.741403
4 2529.665332
4 2613.072767
4 2700.209257
4 2752.393626
4 2823.152246
4 2886.804201
4 2961.512658
4 3053.203060
4 3124.533553
4 3190.459406
4 3256.458567
4 3347.778407
4 3418.095863
4 3493.580893
4 3544.965858
4 3629.061964
4 3700.570080
4 3758.435932
4 3825.245825
4 3881.898890
4 3990.346704
4 4052.571030
4 4138.213850
4 4194.085716
4 4265.495564
4 4337.094857
4 4418.155593
4 4473.245896
4 4570.642427
4 4636.095245
4 4720.672310
4 4770.688393
4 4841.101467
4 4925.336344
4 4982.771798
4 5072.763722
4 5126.845023
4 5186.564512
4 5255.815853
4 5325.874061
4 5401.239398
4 5471.848626
4 5548.050759
4 5611.503336
4 5684.356898
4 5751.056056
4 5813.394929
4 5889.852365
4 5975.329974
5 68.492523
5 149.435630
5 226.625347
5 273.168236
5 359.973875
5 439.918733
5 512.697611
5 582.924764
5 671.785815
5 730.221356
5 801.375219
5 882.740758
5 959.528036
5 1032.073856
5 1103.881045
5 1177.961758
5 1249.780990
5 1322.271346
5 1377.791102
5 1459.484037
5 1526.749652
5 1600.554809
5 1693.821772
5 1741.632493
5 1826.527251
5 1898.677630
5 1976.075526
5 2064.336471
5 2138.717833
5 2216.686022
5 2294.776182
5 2358.991370
5 2428.259403
5 2499.368064
5 2563.872947
5 2636.323390
5 2701.108327
5 2772.079713
5 2841.675672
5 2916.007162
5 2976.295813
5 3058.553734
5 3117.517849
5 3204.788773
5 3280.714361
5 3377.319959
5 3441.465848
5 3523.814836
5 3577.411289
5 3653.429421
5 3721.374146
5 3782.176729
5 3882.265863
5 3935.518786
5 4009.447552
5 4087.720323
5 4168.872426
5 4243.042381
5 4310.293239
5 4393.803681
5 4473.957864
5 4569.794903
5 4615.434089
5 4700.222499
5 4775.982128
5 4860.096374
5 4930.666708
5 5007.328004
5 5084.243735
5 5161.541136
5 5233.893226
5 5287.346751
5 5369.309087
5 5434.570247
5 5520.364658
5 5579.783876
5 5663.555942
5 5749.329373
5 5828.151760
5 5907.713539
5 5998.870084
6 70.729473
6 130.060435
6 191.770360
6 275.330170
6 360.169515
6 445.977709
6 516.405066
6 587.709983
6 664.310484
6 754.729986
6 826.305289
6 882.516263
6 984.223394
6 1055.475248
6 1134.930670
6 1187.281721
6 1254.420756
6 1345.049801
6 1424.563743
6 1500.140316
6 1557.860227
6 1642.796354
6 1701.622811
6 1774.282711
6 1845.457885
6 1923.977850
6 1993.753429
6 2065.823924
6 2122.873976
6 2195.623238
6 2262.021123
6 2326.041112
6 2407.621287
6 2505.256747
6 2573.026708
6 2646.053421
6 2718.428309
6 2805.822085
6 2886.579670
6 2956.572909
6 3034.894704
6 3108.763124
6 3188.467211
6 3255.696583
6 3350.073582
6 3407.194807
6 3495.484344
6 3570.218564
6 3633.152778
6 3699.354219
6 3761.017410
6 3831.796109
6 3915.526751
6 4000.671140
6 4053.085515
6 4134.662434
6 4214.206293
6 4286.367447
6 4367.098755
6 4445.560532
6 4512.208717
6 4600.264788
6 4637.630835
6 4722.925975
6 4773.979387
6 4857.066866
6 4953.041887
6 4999.113832
6 5090.831996
6 5188.941051
6 5263.400605
6 5348.129667
6 5418.868633
6 5479.644619
6 5576.305730
6 5666.318612
6 5717.649485
6 5790.270207
6 5869.661982
6 5947.599361
7 68.776034
7 148.128215
7 219.904028
7 285.754872
7 373.740512
7 446.342474
7 514.738874
7 614.986124
7 716.966471
7 791.971380
7 857.729387
7 938.620121
7 1014.479465
7 1109.680809
7 1188.518590
7 1262.639024
7 1330.713437
7 1414.504031
7 1500.883971
7 1572.550257
7 1660.311461
7 1729.526884
7 1823.568948
7 1886.691340
7 1968.023623
7 2035.349625
7 2117.555576
7 2214.630155
7 2288.037820
7 2357.281399
7 2432.236548
7 2509.786138
7 2594.060620
7 2698.694813
7 2760.015232
7 2827.555998
7 2885.686793
7 2974.579935
7 3055.350936
7 3110.242143
7 3196.189173
7 3280.794403
7 3352.978463
7 3430.039160
7 3491.581077
7 3591.168641
7 3653.874410
7 3719.800257
7 3809.162090
7 3885.688654
7 3944.682218
7 4043.659759
7 4114.425109
7 4166.719134
7 4241.065340
7 4322.547243
7 4396.801752
7 4483.330668
7 4569.212380
7 4638.258856
7 4719.676570
7 4776.260819
7 4843.035648
7 4910.373554
7 4984.291087
7 5052.002725
7 5113.996881
7 5188.620012
7 5263.462899
7 5341.811343
7 5436.205895
7 5517.520511
7 5591.444685
7 5655.948346
7 5728.234871
7 5807.848864
7 5893.142501
7 5977.643545
8 69.916182
8 167.966366
8 220.311343
8 298.964441
8 378.685397
8 448.382368
8 543.711583
8 598.319408
8 690.708351
8 765.782354
8 851.172123
8 934.376487
8 1013.180161
8 1095.641908
8 1156.514742
8 1240.039729
8 1308.086624
8 1384.296405
8 1458.230038
8 1530.020496
8 1609.544683
8 1698.679340
8 1780.510487
8 1857.645824
8 1935.206875
8 2027.042136
8 2081.250788
8 2166.794014
8 2239.679567
8 2326.036723
8 2405.637670
8 2472.702755
8 2547.589369
8 2619.346098
8 2692.753255
8 2767.168516
8 2828.118279
8 2931.798303
8 2993.277909
8 3075.954111
8 3149.475874
8 3216.323531
8 3281.827590
8 3374.639423
8 3446.596274
8 3525.486131
8 3612.918486
8 3677.737926
8 3748.747131
8 3833.947056
8 3912.583052
8 3990.604227
8 4057.830116
8 4124.574474
8 4206.265996
8 4281.493339
8 4354.796539
8 4431.072855
8 4508.405927
8 4573.095736
8 4655.200093
8 4718.761943
8 4805.962964
8 4892.877424
8 4953.561764
8 5046.069616
8 5115.043583
8 5203.851858
8 5263.768684
8 5341.855145
8 5419.025371
8 5496.942328
8 5572.260422
8 5645.097741
8 5731.194001
8 5810.336521
8 5895.546551
8 5968.643603
9 83.679431
9 145.960174
9 222.460978
9 299.658180
9 385.734927
9 436.378391
9 553.786770
9 602.666400
9 688.967227
9 740.730990
9 825.815707
9 900.995457
9 977.661438
9 1058.171956
9 1125.756382
9 1188.971341
9 1260.481280
9 1327.508264
9 1415.495822
9 1495.775767
9 1560.543028
9 1623.367624
9 1715.349589
9 1790.699063
9 1863.299898
9 1941.185950
9 2012.699692
9 2090.334594
9 2176.495049
9 2264.522024
9 2341.423230
9 2405.472250
9 2488.466660
9 2546.365688
9 2620.596111
9 2681.142863
9 2764.982317
9 2848.122640
9 2932.791648
9 2995.575919
9 3098.602381
9 3167.958178
9 3234.233922
9 3302.152577
9 3375.107045
9 3441.191759
9 3526.503314
9 3599.250624
9 3683.478086
9 3758.896310
9 3836.308836
9 3905.628608
9 3987.629451
9 4060.928763
9 4132.746355
9 4195.946813
9 4269.186292
9 4360.433838
9 4421.972065
9 4499.979073
9 4568.799316
9 4658.383267
9 4738.151530
9 4815.575076
9 4876.678348
9 4967.174511
9 5064.616150
9 5142.308101
9 5217.098981
9 5290.966042
9 5371.618969
9 5444.957498
9 5517.953643
9 5604.048140
9 5665.538197
9 5749.641378
9 5847.023198
9 5942.334501
10 83.292465
10 147.677388
10 223.642254
10 299.735517
10 360.493539
10 440.201044
10 513.603984
10 589.520298
10 665.833035
10 754.945066
10 834.596049
10 911.233219
10 990.647391
10 1090.273976
10 1171.560815
10 1244.377024
10 1317.476316
10 1393.216969
10 1464.929521
10 1530.391390
10 1626.082138
10 1712.892537
10 1781.159755
10 1848.172467
10 1933.707105
10 2004.414883
10 2083.786533
10 2158.402927
10 2255.605868
10 2340.057215
10 2430.080531
10 2506.128427
10 2602.127330
10 2667.006872
10 2740.665634
10 2810.857397
10 2885.890183
10 2976.312133
10 3057.346829
10 3137.254026
10 3218.504688
10 3296.924003
10 3376.262573
10 3423.063637
10 3523.335835
10 3591.994752
10 3664.976191
10 3751.628301
10 3832.413937
10 3909.256885
10 3988.545890
10 4070.074922
10 4141.170072
10 4224.628835
10 4283.668184
10 4381.409256
10 4451.401913
10 4544.114430
10 4603.739647
10 4702.037227
10 4752.827797
10 4838.534025
10 4912.573548
10 4989.262334
10 5060.117980
10 5150.150188
10 5225.691847
10 5286.429320
10 5386.473934
10 5454.399835
10 5545.522343
10 5611.801452
10 5684.383017
10 5773.659364
10 5837.712960
10 5919.800388
10 5992.806747
11 91.523168
11 193.316017
11 260.564815
11 338.047157
11 411.202779
11 475.892494
11 545.937128
11 627.248146
11 687.728217
11 781.418019
11 861.514489
11 932.249100
11 990.390493
11 1078.960913
11 1158.568125
11 1242.133099
11 1323.865696
11 1389.302327
11 1477.073326
11 1554.335386
11 1619.777737
11 1712.775740
11 1772.001366
11 1848.791639
11 1935.175012
11 1974.501491
11 2060.826209
11 2146.083609
11 2230.356860
11 2308.470957
11 2376.954048
11 2470.721933
11 2551.879486
11 2627.386013
11 2741.336323
11 2815.888190
11 2908.592291
11 2959.185079
11 3052.956615
11 3108.838899
11 3191.526122
11 3272.603788
11 3349.794296
11 3406.084206
11 3496.916758
11 3573.069840
11 3660.610389
11 3740.576090
11 3830.547349
11 3906.346152
11 3990.787558
11 4058.776483
11 4128.184656
11 4201.225253
11 4276.297684
11 4363.993794
11 4444.600095
11 4527.359465
11 4597.798453
11 4683.667272
11 4772.877497
11 4838.680613
11 4890.420668
11 4989.362047
11 5068.775028
11 5114.592017
11 5203.854102
11 5288.353147
11 5351.290123
11 5435.961022
11 5524.328592
11 5613.239351
11 5699.569497
11 5784.291721
11 5864.227996
11 5948.309548
12 84.194450
12 160.844529
12 238.985864
12 319.839570
12 408.446901
12 478.548598
12 553.847508
12 637.108861
12 715.569342
12 800.008126
12 869.881816
12 950.377409
12 1010.120071
12 1093.186968
12 1193.663070
12 1273.119242
12 1371.014532
12 1431.558721
12 1502.418055
12 1595.173894
12 1660.263125
12 1736.548643
12 1828.339145
12 1888.733301
12 1967.323860
12 2049.650948
12 2121.908555
12 2211.530483
12 2289.083634
12 2359.732159
12 2428.206810
12 2485.941102
12 2584.271494
12 2681.431520
12 2742.870161
12 2833.184466
12 2934.766199
12 3013.169427
12 3097.708397
12 3182.314602
12 3257.448744
12 3353.490051
12 3416.740904
12 3500.940852
12 3578.994544
12 3638.967857
12 3720.790310
12 3813.668608
12 3884.925442
12 3971.708103
12 4045.336797
12 4114.426541
12 4195.051314
12 4261.965795
12 4338.989787
12 4421.555542
12 4526.841773
12 4591.231394
12 4677.351297
12 4767.176022
12 4837.019347
12 4937.387557
12 5012.282840
12 5073.100948
12 5160.845499
12 5241.491765
12 5319.547098
12 5416.657108
12 5499.382259
12 5579.507109
12 5652.101242
12 5730.641108
12 5810.198999
12 5891.066482
12 5960.206408
13 97.497004
13 173.393251
13 238.245192
13 320.677952
13 401.123018
13 492.291910
13 563.708975
13 649.106767
13 718.064057
13 790.369082
13 866.218387
13 948.816955
13 1007.756928
13 1096.034230
13 1175.875971
13 1243.398912
13 1327.514646
13 1386.312845
13 1468.939646
13 1560.870188
13 1615.370777
13 1698.486015
13 1803.294900
13 1875.449463
13 1968.362083
13 2026.500743
13 2098.846912
13 2193.619306
13 2271.292231
13 2323.344603
13 2428.587800
13 2529.926063
13 2599.273006
13 2683.216755
13 2776.352649
13 2846.049037
13 2932.382948
13 3000.715271
13 3097.771692
13 3166.838150
13 3241.012202
13 3326.907254
13 3417.707931
13 3500.089813
13 3579.337690
13 3656.989916
13 3744.685656
13 3820.699314
13 3915.659000
13 4000.834699
13 4093.886725
13 4169.512759
13 4264.127818
13 4339.555495
13 4418.934321
13 4504.433217
13 4601.460307
13 4682.525177
13 4760.616274
13 4836.504503
13 4919.860211
13 4995.881863
13 5073.835537
13 5161.427060
13 5244.487511
13 5339.378615
13 5451.077049
13 5514.064888
13 5594.929831
13 5664.521894
13 5733.262850
13 5809.464876
13 5868.365017
13 5956.294749
14 71.532328
14 159.477420
14 240.603663
14 319.182408
14 412.150388
14 471.665494
14 553.211904
14 631.443157
14 714.999282
14 793.845353
14 880.011251
14 963.460580
14 1029.021437
14 1115.225388
14 1196.062119
14 1271.776589
14 1347.413664
14 1435.059455
14 1499.673655
14 1576.076981
14 1659.760838
14 1720.353386
14 1806.969065
14 1884.272409
14 1976.810956
14 2069.168797
14 2139.752467
14 2215.040833
14 2293.573960
14 2377.124523
14 2444.633339
14 2529.455976
14 2595.698744
14 2681.076128
14 2768.246091
14 2844.421621
14 2930.042025
14 3009.617151
14 3094.858823
14 3166.510132
14 3259.632066
14 3330.965061
14 3406.869572
14 3491.719046
14 3579.534113
14 3652.063458
14 3723.502009
14 3778.646665
14 3884.096509
14 3957.297811
14 4042.374368
14 4114.004882
14 4207.119026
14 4297.122098
14 4396.056981
14 4472.215374
14 4565.522940
14 4621.312469
14 4684.704055
14 4784.757477
14 4859.022433
14 4938.689908
14 5027.548228
14 5094.611199
14 5159.859502
14 5259.896548
14 5316.925026
14 5409.669565
14 5495.965178
14 5585.762955
14 5683.611937
14 5738.945211
14 5833.690326
14 5931.020729
14 5994.830186
15 66.859800
15 150.911339
15 224.127382
15 315.719056
15 385.911795
15 470.688966
15 552.953707
15 633.920056
15 721.224467
15 800.618865
15 883.004950
15 971.131117
15 1055.415692
15 1140.029012
15 1210.877658
15 1288.896401
15 1369.434626
15 1459.104296
15 1557.384726
15 1630.191290
15 1700.697394
15 1787.700180
15 1867.230917
15 1940.060719
15 2028.411965
15 2101.384221
15 2184.896710
15 2265.489962
15 2329.987686
15 2401.507202
15 2489.531234
15 2571.075326
15 2660.717863
15 2741.927769
15 2828.338583
15 2897.595721
15 2961.005540
15 3063.490089
15 3148.783730
15 3237.202427
15 3296.554320
15 3392.866903
15 3479.540754
15 3553.847283
15 3653.836388
15 3719.867684
15 3796.448421
15 3862.974195
15 3957.250998
15 4024.508450
15 4101.737524
15 4194.813427
15 4288.633267
15 4359.209163
15 4454.542204
15 4550.119041
15 4619.413966
15 4699.111246
15 4775.605498
15 4842.912451
15 4913.015956
15 4993.225865
15 5095.921679
15 5160.496930
15 5243.725329
15 5319.142706
15 5392.832758
15 5452.081595
15 5538.455600
15 5628.761291
15 5732.397730
15 5812.366601
15 5886.617897
15 5953.430235
16 103.321890
16 176.526980
16 265.347692
16 340.937803
16 429.500686
16 515.775369
16 613.428197
16 699.229262
16 787.480676
16 846.676499
16 938.686860
16 1012.380051
16 1110.127546
16 1184.437031
16 1254.619759
16 1336.343162
16 1430.707132
16 1531.876639
16 1612.612756
16 1701.639944
16 1770.782922
16 1856.161989
16 1936.177957
16 2022.110530
16 2124.684380
16 2195.020514
16 2276.969804
16 2341.867313
16 2429.819416
16 2502.156938
16 2605.957957
16 2697.478792
16 2791.757702
16 2878.226841
16 2975.612242
16 3055.453692
16 3137.108445
16 3229.610920
16 3298.793863
16 3375.573227
16 3492.120905
16 3557.654724
16 3641.047283
16 3725.678796
16 3781.069720
16 3877.777899
16 3954.660445
16 4029.125346
16 4114.898195
16 4194.665076
16 4273.497480
16 4336.021576
16 4427.129213
16 4504.843085
16 4593.982974
16 4674.166753
16 4740.717061
16 4837.927888
16 4924.915970
16 5012.287385
16 5095.005339
16 5158.215866
16 5235.525892
16 5290.777732
16 5384.343314
16 5478.464902
16 5579.309189
16 5665.599060
16 5743.584493
16 5821.735370
16 5909.770302
16 5971.954710
17 70.068524
17 164.480272
17 261.924556
17 335.479188
17 406.657850
17 466.138782
17 542.728465
17 631.163998
17 709.293779
17 801.436081
17 857.916478
17 949.468738
17 1009.191099
17 1107.388303
17 1206.218644
17 1289.257438
17 1387.959650
17 1447.224223
17 1531.699182
17 1618.098894
17 1698.314879
17 1781.377595
17 1884.091284
17 1969.175395
17 2027.581908
17 2126.233213
17 2214.750538
17 2292.969724
17 2374.532748
17 2460.045651
17 2530.856506
17 2621.167041
17 2695.991482
17 2785.894325
17 2885.470891
17 2983.790358
17 3060.005726
17 3146.160645
17 3217.232105
17 3297.685631
17 3378.369967
17 3442.038149
17 3526.382001
17 3620.525459
17 3676.311102
17 3758.066656
17 3856.908064
17 3955.723685
17 4044.688648
17 4138.619166
17 4207.306128
17 4271.592158
17 4340.815385
17 4445.364325
17 4524.830304
17 4622.439661
17 4695.459174
17 4787.083284
17 4860.759365
17 4936.019943
17 5003.750223
17 5090.899271
17 5189.557980
17 5263.515926
17 5348.589050
17 5459.900907
17 5526.981635
17 5614.675633
17 5713.895951
17 5788.598322
17 5866.784186
17 5961.704486
18 86.772187
18 168.755174
18 258.659762
18 344.636032
18 440.276982
18 516.859939
18 587.193098
18 689.809021
18 759.800440
18 856.575791
18 958.562280
18 1041.539103
18 1144.783708
18 1219.663581
18 1309.923384
18 1404.848277
18 1462.371335
18 1559.040836
18 1627.547462
18 1717.755873
18 1805.104583
18 1874.980315
18 1968.857475
18 2068.850095
18 2144.112939
18 2216.211477
18 2322.043194
18 2407.458864
18 2489.693464
18 2562.312077
18 2656.625360
18 2741.117908
18 2827.424930
18 2896.820809
18 2974.520426
18 3051.907493
18 3149.608547
18 3238.277980
18 3328.317144
18 3409.522889
18 3493.623387
18 3555.658087
18 3638.158067
18 3718.002018
18 3789.702011
18 3878.864352
18 3954.631878
18 4035.161221
18 4137.097053
18 4195.074747
18 4301.560579
18 4388.436659
18 4473.514634
18 4552.423130
18 4666.112820
18 4722.638752
18 4818.442454
18 4897.433798
18 4978.711232
18 5057.634889
18 5163.057024
18 5227.929739
18 5320.598242
18 5416.647481
18 5479.521688
18 5576.136842
18 5659.946841
18 5733.593752
18 5806.942627
18 5894.383407
18 5975.866582
19 99.000272
19 198.725657
19 291.371664
19 384.974176
19 469.987251
19 552.674034
19 639.744373
19 719.651432
19 800.764243
19 859.911078
19 949.553594
19 1058.313578
19 1130.267451
19 1215.895540
19 1308.447052
19 1393.432850
19 1475.527711
19 1553.676978
19 1640.608887
19 1717.116015
19 1805.951922
19 1881.612905
19 1977.039808
19 2040.769948
19 2114.286460
19 2196.183155
19 2274.211707
19 2358.989250
19 2435.518927
19 2499.030926
19 2600.056523
19 2676.527615
19 2792.857376
19 2899.189692
19 2957.709056
19 3035.283216
19 3113.219866
19 3207.785611
19 3281.279043
19 3361.539953
19 3440.671521
19 3528.370869
19 3613.531062
19 3700.661373
19 3780.180250
19 3869.465001
19 3955.074686
19 4044.981950
19 4135.269845
19 4227.849747
19 4322.915604
19 4400.224857
19 4474.919333
19 4548.817395
19 4635.992223
19 4747.055061
19 4833.731783
19 4917.201302
19 4996.232600
19 5094.213005
19 5174.522613
19 5268.388054
19 5343.015835
19 5424.065601
19 5494.248988
19 5592.876051
19 5672.556277
19 5760.330622
19 5839.321071
19 5931.421899
20 66.195029
20 169.359853
20 237.853961
20 308.874850
20 385.970471
20 470.025288
20 557.533117
20 645.160899
20 735.591257
20 830.946637
20 899.129616
20 984.511944
20 1076.478664
20 1143.567325
20 1218.969573
20 1307.564618
20 1376.081733
20 1484.494048
20 1577.099864
20 1660.470688
20 1750.684120
20 1846.931796
20 1937.363250
20 2012.222719
20 2096.552194
20 2188.340098
20 2263.573628
20 2358.415859
20 2437.685680
20 2497.859133
20 2600.233164
20 2662.177763
20 2756.582608
20 2832.156811
20 2909.694993
20 2984.101134
20 3078.849771
20 3158.946387
20 3240.941072
20 3299.729374
20 3377.521683
20 3478.710596
20 3547.142037
20 3636.831055
20 3718.641743
20 3815.506707
20 3900.988974
20 3990.474959
20 4044.659739
20 4154.412336
20 4241.716749
20 4319.612766
20 4395.858296
20 4475.908001
20 4572.114362
20 4661.362383
20 4744.403452
20 4836.357379
20 4919.082418
20 5005.446876
20 5098.196097
20 5187.772786
20 5273.052896
20 5369.549778
20 5437.727294
20 5544.239473
20 5627.484747
20 5718.399786
20 5807.690486
20 5903.943395
20 5998.054668
21 70.057516
21 183.583409
21 289.390571
21 365.701375
21 447.867650
21 546.041952
21 633.209449
21 716.243606
21 788.557969
21 884.469236
21 933.145194
21 1040.738418
21 1139.498659
21 1208.857067
21 1302.548662
21 1386.280178
21 1469.510323
21 1531.666498
21 1626.858768
21 1715.554022
21 1808.138527
21 1882.141419
21 1975.800415
21 2066.312741
21 2146.592270
21 2236.921944
21 2297.003071
21 2380.415837
21 2470.836619
21 2570.528422
21 2653.989884
21 2742.708428
21 2791.982138
21 2878.185665
21 2931.008544
21 3020.518378
21 3098.395286
21 3197.426286
21 3282.920436
21 3377.557182
21 3468.762220
21 3558.331045
21 3653.751508
21 3738.037851
21 3829.281409
21 3905.178286
21 4009.689863
21 4088.050349
21 4194.779519
21 4285.057983
21 4360.252815
21 4474.284907
21 4567.875868
21 4664.305806
21 4758.923714
21 4858.239682
21 4940.206402
21 5027.400616
21 5112.637488
21 5183.721666
21 5289.451558
21 5370.006348
21 5452.978352
21 5533.348045
21 5623.473262
21 5715.932907
21 5791.925130
21 5863.057108
21 5948.545401
22 65.521299
22 167.159988
22 262.603536
22 344.117338
22 446.910792
22 514.263892
22 613.105794
22 667.803307
22 762.974873
22 863.033306
22 948.127708
22 1047.138331
22 1142.586135
22 1237.374409
22 1326.128573
22 1401.613355
22 1503.457940
22 1576.401693
22 1658.014800
22 1731.071272
22 1830.917894
22 1912.332331
22 1978.456087
22 2074.278707
22 2162.204951
22 2251.817166
22 2358.020344
22 2444.742219
22 2522.732748
22 2598.453035
22 2697.428690
22 2790.993586
22 2888.676227
22 2970.902958
22 3052.321779
22 3135.424586
22 3233.846616
22 3329.026292
22 3416.832047
22 3503.289433
22 3594.147685
22 3700.710501
22 3774.216754
22 3865.574702
22 3948.037929
22 4042.980098
22 4119.870828
22 4203.547797
22 4294.809931
22 4386.470958
22 4476.006821
22 4555.508390
22 4633.859206
22 4720.810800
22 4806.936680
22 4886.982737
22 4956.420262
22 5072.641115
22 5116.523389
22 5220.543051
22 5314.219657
22 5410.150300
22 5476.810144
22 5570.693741
22 5657.461672
22 5753.598334
22 5813.865702
22 5921.607442
22 5991.039842
23 100.582431
23 165.711244
23 281.271145
23 360.662046
23 433.311207
23 513.517573
23 589.426134
23 688.682008
23 784.381653
23 883.335549
23 961.349056
23 1052.843186
23 1138.207851
23 1244.821080
23 1346.743367
23 1432.534460
23 1516.442240
23 1616.882841
23 1694.443262
23 1770.940780
23 1862.334376
23 1935.273888
23 2034.922204
23 2124.264468
23 2215.872465
23 2289.511001
23 2404.075731
23 2500.793382
23 2562.371320
23 2657.412097
23 2740.730518
23 2829.409630
23 2908.088797
23 2998.094332
23 3076.174327
23 3160.629718
23 3258.089253
23 3348.873107
23 3419.435973
23 3524.400491
23 3606.311130
23 3678.725518
23 3755.499679
23 3851.088465
23 3957.065839
23 4041.143972
23 4134.564394
23 4210.022552
23 4283.212465
23 4358.354623
23 4455.245496
23 4527.117830
23 4599.030004
23 4700.990750
23 4779.550516
23 4877.642627
23 4965.036324
23 5052.958591
23 5146.295983
23 5235.615634
23 5324.287627
23 5418.222939
23 5497.659305
23 5574.274756
23 5652.040886
23 5732.935626
23 5846.176191
23 5953.276490
24 99.315196
24 193.002679
24 274.065713
24 373.861488
24 457.904658
24 545.389435
24 636.414151
24 718.638141
24 830.799152
24 920.671161
24 1024.938585
24 1121.130269
24 1211.884526
24 1309.713955
24 1369.830764
24 1472.454764
24 1583.377864
24 1679.668471
24 1744.422237
24 1826.478474
24 1916.602252
24 2005.568586
24 2076.905576
24 2165.199380
24 2257.375644
24 2343.722631
24 2445.299958
24 2544.786862
24 2639.200244
24 2740.614524
24 2827.476435
24 2888.205610
24 3001.345597
24 3096.800432
24 3168.372779
24 3258.541615
24 3353.973816
24 3460.752621
24 3537.461585
24 3635.574366
24 3718.949160
24 3804.147944
24 3880.575429
24 3969.975740
24 4054.630793
24 4148.117593
24 4240.352169
24 4314.452142
24 4444.402043
24 4527.557269
24 4624.189744
24 4683.400736
24 4789.837695
24 4860.357497
24 4947.992842
24 5050.531352
24 5127.916737
24 5225.220998
24 5313.428575
24 5394.203411
24 5454.030772
24 5557.315461
24 5651.807233
24 5736.093687
24 5811.261463
24 5898.567829
24 6002.735830
25 102.206907
25 162.850177
25 275.496221
25 385.244352
25 467.421391
25 573.754728
25 672.704839
25 737.558993
25 830.317476
25 905.859663
25 1011.947685
25 1090.367320
25 1179.534174
25 1270.218154
25 1350.226487
25 1444.412099
25 1530.238867
25 1609.138839
25 1716.488363
25 1804.927913
25 1923.876573
25 1988.683379
25 2067.810699
25 2158.514675
25 2245.694638
25 2342.230049
25 2428.961267
25 2535.721927
25 2629.841391
25 2715.742788
25 2827.265956
25 2908.798297
25 2990.780741
25 3079.744686
25 3166.063442
25 3255.562901
25 3330.549987
25 3419.007006
25 3490.485614
25 3587.889388
25 3702.031159
25 3799.891873
25 3884.025702
25 3966.950213
25 4058.706833
25 4141.585607
25 4240.586109
25 4336.530789
25 4446.528157
25 4525.009995
25 4622.977836
25 4721.790408
25 4816.281312
25 4885.606706
25 4954.925085
25 5064.280289
25 5159.512180
25 5263.136931
25 5367.401168
25 5438.342037
25 5546.934661
25 5628.567006
25 5730.189042
25 5812.946124
25 5914.974316
25 5997.368790
26 64.476749
26 176.659634
26 258.382843
26 352.786013
26 446.399838
26 513.421144
26 614.219114
26 688.858231
26 781.084085
26 898.259112
26 991.128132
26 1108.119109
26 1188.277563
26 1288.924098
26 1371.937553
26 1465.719726
26 1575.510487
26 1658.142687
26 1740.477726
26 1822.766624
26 1934.501275
26 2032.040171
26 2123.905383
26 2198.046883
26 2292.377149
26 2376.778766
26 2498.885134
26 2600.461704
26 2680.900809
26 2767.300300
26 2888.075908
26 2975.092890
26 3068.706965
26 3166.777261
26 3260.194600
26 3364.151677
26 3442.425646
26 3546.464296
26 3642.457716
26 3740.854125
26 3820.743580
26 3919.907862
26 4006.535133
26 4085.247205
26 4167.234711
26 4242.180956
26 4320.273128
26 4417.773022
26 4507.698232
26 4598.003546
26 4680.314151
26 4754.913838
26 4836.758451
26 4944.296433
26 5023.745524
26 5116.731273
26 5204.433015
26 5306.746996
26 5409.867061
26 5496.321389
26 5596.402756
26 5685.907249
26 5790.270790
26 5904.348094
26 5998.400225
27 99.421893
27 174.557047
27 256.694466
27 359.548225
27 465.683846
27 545.366364
27 633.209360
27 740.327295
27 827.173474
27 948.079205
27 1028.194264
27 1117.361965
27 1209.960123
27 1310.705764
27 1388.298333
27 1503.199375
27 1606.186174
27 1685.882952
27 1807.959304
27 1885.115995
27 1968.441559
27 2069.390818
27 2161.787914
27 2249.090269
27 2329.785183
27 2429.509142
27 2527.693899
27 2601.180025
27 2681.207861
27 2790.256418
27 2869.944151
27 2964.662312
27 3056.618024
27 3150.488398
27 3238.452825
27 3327.802847
27 3417.133406
27 3533.896101
27 3622.515780
27 3702.620139
27 3797.762894
27 3892.629932
27 4003.703531
27 4091.472005
27 4182.941057
27 4256.835378
27 4337.846989
27 4445.829731
27 4529.492228
27 4604.165235
27 4683.124004
27 4810.531472
27 4878.271716
27 4996.181408
27 5071.220190
27 5153.814395
27 5246.101026
27 5323.976655
27 5400.082344
27 5495.648203
27 5577.389203
27 5683.178252
27 5775.657917
27 5872.140246
27 5967.080886
28 101.810430
28 203.237352
28 293.863316
28 377.273316
28 468.707171
28 575.522478
28 634.446809
28 763.221244
28 846.827062
28 935.242380
28 1018.678663
28 1106.192081
28 1208.475064
28 1309.490551
28 1399.515115
28 1502.817069
28 1593.859712
28 1682.070837
28 1772.376190
28 1865.721097
28 1971.162130
28 2065.650469
28 2163.359215
28 2259.831400
28 2376.649447
28 2453.855015
28 2555.727802
28 2657.040164
28 2742.034621
28 2842.517716
28 2952.035801
28 3048.740903
28 3139.198216
28 3230.888884
28 3330.381363
28 3420.444735
28 3526.966931
28 3609.985398
28 3699.368527
28 3790.359520
28 3882.532402
28 3982.209963
28 4079.628064
28 4178.866883
28 4262.141091
28 4359.108095
28 4442.972678
28 4568.868251
28 4655.935334
28 4748.468188
28 4839.936878
28 4955.613357
28 5049.027723
28 5161.430821
28 5265.180127
28 5371.022480
28 5448.417242
28 5522.679918
28 5611.437162
28 5702.194819
28 5791.109877
28 5873.414141
28 5961.318172
29 112.854187
29 200.840947
29 275.937177
29 385.242312
29 489.702951
29 599.502861
29 701.073157
29 792.124673
29 911.680180
29 1011.498377
29 1110.946810
29 1195.424479
29 1288.013602
29 1385.985355
29 1465.237388
29 1554.820927
29 1642.341404
29 1749.234333
29 1850.391702
29 1943.474959
29 2050.342117
29 2164.024822
29 2289.675731
29 2375.625455
29 2470.682993
29 2570.584031
29 2658.820894
29 2742.206480
29 2830.479898
29 2889.236917
29 2978.280107
29 3077.955110
29 3167.967184
29 3258.772717
29 3355.047381
29 3460.478494
29 3561.560062
29 3653.253934
29 3740.336902
29 3831.823739
29 3939.359363
29 4032.465484
29 4133.380979
29 4222.837768
29 4310.970287
29 4417.463030
29 4515.599469
29 4624.410871
29 4699.673564
29 4806.511042
29 4899.573439
29 4998.622300
29 5092.783911
29 5190.514323
29 5261.831609
29 5369.451515
29 5460.883306
29 5548.686989
29 5639.933724
29 5731.984944
29 5812.259334
29 5916.945745
30 98.387432
30 203.897583
30 288.538250
30 420.417040
30 533.799393
30 631.390426
30 718.517296
30 828.250215
30 937.144113
30 1039.661778
30 1136.894667
30 1206.637258
30 1310.669480
30 1408.105946
30 1500.290618
30 1633.690123
30 1733.118331
30 1830.735246
30 1915.902030
30 1976.335186
30 2096.248745
30 2195.272223
30 2304.992596
30 2393.896309
30 2504.097725
30 2601.869799
30 2701.307889
30 2812.239072
30 2898.643892
30 2995.150969
30 3095.877589
30 3200.327351
30 3296.965140
30 3420.098408
30 3514.066259
30 3609.420376
30 3718.785226
30 3810.324554
30 3902.740094
30 4002.399831
30 4093.110768
30 4194.675191
30 4288.112872
30 4387.636050
30 4487.585279
30 4566.235462
30 4674.019203
30 4775.989814
30 4859.853447
30 4961.715143
30 5042.887899
30 5131.972470
30 5230.290205
30 5318.798359
30 5454.291159
30 5567.859139
30 5681.135128
30 5751.409638
30 5856.140559
30 5960.714339
31 97.466599
31 190.815006
31 299.244602
31 385.668205
31 512.061492
31 587.190655
31 695.347948
31 789.043077
31 882.757009
31 992.433009
31 1058.570810
31 1174.058694
31 1291.055908
31 1386.433547
31 1466.755743
31 1554.028609
31 1641.110940
31 1743.754653
31 1835.631658
31 1930.094544
31 2017.437514
31 2107.669124
31 2198.190626
31 2305.802007
31 2410.582099
31 2509.612939
31 2601.760497
31 2698.844027
31 2801.704087
31 2912.006002
31 3019.372610
31 3151.218506
31 3237.476937
31 3352.147851
31 3479.904026
31 3592.095405
31 3679.953516
31 3787.590859
31 3883.510823
31 4007.321167
31 4073.871980
31 4153.127632
31 4242.416592
31 4346.934033
31 4446.599523
31 4523.997435
31 4632.948953
31 4715.573850
31 4807.467689
31 4911.871147
31 5000.350182
31 5082.961040
31 5203.847380
31 5289.786329
31 5368.995908
31 5476.994493
31 5567.761345
31 5678.768860
31 5769.536650
31 5861.860516
31 5970.005371
32 94.507472
32 194.305181
32 275.711971
32 387.769532
32 515.384893
32 598.578472
32 688.824677
32 809.834113
32 915.948298
32 1029.806446
32 1127.408019
32 1225.790475
32 1311.156513
32 1402.732163
32 1507.141147
32 1598.151607
32 1716.252416
32 1809.010023
32 1906.062745
32 2005.828850
32 2126.134754
32 2218.624141
32 2296.965087
32 2407.564958
32 2488.159750
32 2583.278282
32 2682.116897
32 2790.360697
32 2887.211934
32 2985.456209
32 3111.171178
32 3185.608246
32 3298.038829
32 3409.202273
32 3512.462896
32 3614.856328
32 3718.686600
32 3805.494399
32 3895.858962
32 4010.141726
32 4097.296737
32 4187.207251
32 4269.079830
32 4387.017199
32 4502.854440
32 4598.885464
32 4702.251560
32 4792.464970
32 4890.801497
32 4996.553968
32 5092.483521
32 5202.963324
32 5287.685968
32 5386.089079
32 5478.300687
32 5590.164240
32 5654.332631
32 5787.873084
32 5887.418239
32 5970.280258
33 98.847449
33 222.446695
33 319.627939
33 432.959177
33 554.220944
33 636.702770
33 737.835281
33 829.056777
33 938.098084
33 1035.049481
33 1138.647039
33 1225.210208
33 1315.012867
33 1433.560298
33 1531.041070
33 1621.416258
33 1720.706231
33 1825.136577
33 1938.877357
33 2027.952803
33 2128.561044
33 2248.053487
33 2347.518757
33 2452.872985
33 2570.046251
33 2652.449307
33 2742.411461
33 2843.814476
33 2932.149043
33 3046.255971
33 3150.438634
33 3239.649303
33 3354.764500
33 3464.326138
33 3567.362023
33 3654.491653
33 3758.043158
33 3868.526593
33 3959.840700
33 4064.843166
33 4174.549380
33 4284.716623
33 4369.368007
33 4470.247837
33 4572.173244
33 4679.143739
33 4806.511113
33 4897.183842
33 4997.150606
33 5069.247823
33 5159.678358
33 5269.869973
33 5367.485706
33 5472.767767
33 5579.834127
33 5702.073256
33 5789.883744
33 5928.683218
34 104.221486
34 239.671614
34 342.350992
34 447.701540
34 533.434451
34 661.235721
34 768.793878
34 883.670070
34 992.045962
34 1091.506769
34 1182.674290
34 1286.994363
34 1375.884181
34 1474.969886
34 1577.378318
34 1660.356225
34 1769.778481
34 1875.984502
34 1982.750696
34 2092.024372
34 2163.142310
34 2264.962653
34 2378.458456
34 2479.151794
34 2573.207226
34 2660.061903
34 2793.871568
34 2867.159188
34 2977.620655
34 3072.834415
34 3166.360044
34 3257.708604
34 3378.030777
34 3462.368893
34 3590.632423
34 3718.561508
34 3834.705139
34 3914.996740
34 4014.276257
34 4117.191894
34 4240.653275
34 4338.572422
34 4476.442498
34 4576.591803
34 4680.059650
34 4796.998023
34 4902.221588
34 4996.081322
34 5090.683767
34 5199.460393
34 5309.025092
34 5417.139030
34 5513.066650
34 5619.043643
34 5714.449189
34 5825.203833
34 5943.723958
35 93.291352
35 194.041142
35 304.243042
35 411.285719
35 514.075020
35 609.817731
35 720.974037
35 826.357420
35 938.581285
35 1035.278496
35 1131.330498
35 1243.075036
35 1326.132176
35 1442.229262
35 1557.336080
35 1662.062807
35 1770.076604
35 1875.732473
35 1978.417881
35 2080.869267
35 2167.681002
35 2287.615286
35 2403.798338
35 2503.931117
35 2624.943588
35 2737.842836
35 2827.826107
35 2932.120433
35 3034.604499
35 3143.176399
35 3264.980945
35 3378.040014
35 3470.115462
35 3580.792989
35 3673.142406
35 3787.985771
35 3894.728096
35 3988.303190
35 4112.252725
35 4223.362589
35 4349.548936
35 4444.383245
35 4550.514546
35 4662.840734
35 4757.492814
35 4862.556661
35 4958.219355
35 5074.916161
35 5181.677494
35 5290.059978
35 5368.260792
35 5479.276583
35 5575.093790
35 5685.703998
35 5790.605288
35 5893.781246
35 6000.304687
36 111.310477
36 237.327333
36 334.392160
36 437.352324
36 553.601421
36 670.660538
36 773.642301
36 867.176898
36 970.865337
36 1094.342960
36 1191.861624
36 1308.271562
36 1418.598523
36 1502.509931
36 1643.447211
36 1751.166529
36 1858.780775
36 1968.430953
36 2069.584421
36 2172.444108
36 2286.055809
36 2404.265670
36 2531.658448
36 2656.129556
36 2768.169908
36 2881.647228
36 2983.940931
36 3091.075983
36 3201.632920
36 3333.317565
36 3423.157127
36 3526.095737
36 3653.172474
36 3737.994452
36 3841.577769
36 3957.656514
36 4050.856984
36 4162.287298
36 4258.133638
36 4362.917937
36 4479.649935
36 4600.120207
36 4683.201710
36 4790.510211
36 4876.130310
36 5026.809399
36 5134.257176
36 5240.425721
36 5347.986376
36 5443.235188
36 5549.873784
36 5652.057216
36 5737.273720
36 5842.701885
36 5960.207314
37 110.736355
37 218.536726
37 321.416152
37 444.610261
37 568.552909
37 665.604875
37 784.324820
37 879.020830
37 994.642504
37 1092.132233
37 1208.611232
37 1325.749131
37 1432.867461
37 1534.040345
37 1633.369628
37 1752.598048
37 1860.879266
37 1974.715883
37 2069.486814
37 2196.813777
37 2305.543192
37 2402.926179
37 2526.722575
37 2664.071097
37 2768.307658
37 2910.601320
37 3008.092067
37 3117.715916
37 3238.693381
37 3357.350029
37 3438.938698
37 3536.642705
37 3639.361753
37 3757.991186
37 3884.091654
37 3989.984916
37 4093.650544
37 4188.164074
37 4279.553830
37 4397.112658
37 4483.934484
37 4599.245460
37 4717.128106
37 4825.154297
37 4920.978307
37 5025.047466
37 5134.783392
37 5237.570045
37 5348.504857
37 5450.542237
37 5576.911042
37 5681.669378
37 5804.132526
37 5900.918480
38 102.973238
38 200.840462
38 295.532737
38 407.453267
38 541.113663
38 672.726016
38 786.732903
38 881.572125
38 993.249640
38 1094.640167
38 1210.656913
38 1325.098783
38 1434.750519
38 1500.410288
38 1608.217061
38 1698.200467
38 1804.998882
38 1913.276749
38 2027.282162
38 2125.722005
38 2256.073855
38 2342.751547
38 2445.007494
38 2565.043532
38 2681.601204
38 2796.805853
38 2916.220268
38 3026.132930
38 3108.238608
38 3256.210394
38 3354.333422
38 3465.896724
38 3575.200882
38 3677.551705
38 3760.434110
38 3858.350037
38 3972.331024
38 4056.939998
38 4162.848563
38 4269.711842
38 4393.747343
38 4489.545962
38 4598.281469
38 4718.932832
38 4839.401589
38 4970.248355
38 5076.478608
38 5187.730231
38 5308.650080
38 5433.257272
38 5528.854266
38 5634.158927
38 5757.832646
38 5865.663551
38 5972.273035
39 111.601926
39 214.836579
39 322.770543
39 436.976086
39 543.420281
39 635.419642
39 755.053172
39 881.463707
39 985.658955
39 1079.604706
39 1193.410315
39 1310.231761
39 1401.661999
39 1513.038147
39 1625.168278
39 1746.551334
39 1844.819556
39 1976.150469
39 2091.308654
39 2197.190121
39 2345.429491
39 2450.447496
39 2562.598458
39 2660.353016
39 2768.824504
39 2869.975658
39 2994.736963
39 3108.857829
39 3229.686989
39 3350.239338
39 3469.259696
39 3582.990548
39 3694.979573
39 3777.158626
39 3884.152565
39 4027.618985
39 4153.527184
39 4261.077786
39 4376.795293
39 4508.502292
39 4614.635317
39 4717.365670
39 4834.370902
39 4951.618545
39 5076.102809
39 5190.288906
39 5289.433298
39 5421.023360
39 5521.174765
39 5641.146798
39 5733.254306
39 5850.856567
39 5937.190636
40 102.559379
40 214.188032
40 327.323952
40 433.807038
40 554.555481
40 673.054047
40 785.552773
40 884.261883
40 983.245617
40 1112.078031
40 1209.813740
40 1328.464947
40 1416.321405
40 1527.971952
40 1630.056709
40 1715.300823
40 1856.678816
40 1978.444218
40 2068.266822
40 2192.899000
40 2325.447743
40 2425.350139
40 2564.240578
40 2661.077208
40 2790.585654
40 2913.172932
40 3027.096502
40 3146.418654
40 3296.959157
40 3376.773634
40 3478.507751
40 3600.209037
40 3701.446151
40 3838.560952
40 3958.609299
40 4079.699841
40 4183.346154
40 4310.617697
40 4418.740917
40 4549.863227
40 4639.555306
40 4762.091405
40 4876.059779
40 4989.468295
40 5096.546143
40 5188.774380
40 5310.862607
40 5419.792762
40 5560.546255
40 5683.206134
40 5812.753615
40 5937.882490
41 125.335315
41 222.211605
41 359.542535
41 470.577722
41 588.708686
41 691.732700
41 831.454449
41 976.226984
41 1093.296903
41 1211.725989
41 1305.638781
41 1468.578469
41 1576.932892
41 1681.518029
41 1778.131140
41 1912.177769
41 2023.146796
41 2139.976221
41 2252.967517
41 2373.067148
41 2499.590748
41 2616.227833
41 2742.745076
41 2845.337953
41 2970.154350
41 3096.974396
41 3219.621472
41 3298.510206
41 3423.916485
41 3547.076222
41 3652.418807
41 3771.170202
41 3907.077966
41 4024.158568
41 4130.906794
41 4244.565082
41 4358.158572
41 4475.241884
41 4589.997273
41 4716.314589
41 4840.335770
41 4954.058544
41 5095.378170
41 5199.906407
41 5321.216342
41 5424.093071
41 5561.601655
41 5687.905323
41 5800.680393
41 5929.781838
42 107.337589
42 237.475479
42 341.533028
42 462.360391
42 573.401886
42 682.654802
42 830.305008
42 951.774894
42 1048.976813
42 1178.446268
42 1290.963235
42 1402.387222
42 1501.259666
42 1608.792804
42 1741.620069
42 1864.847912
42 1997.345999
42 2114.998281
42 2215.710906
42 2330.147901
42 2431.777956
42 2528.970615
42 2658.626096
42 2758.789557
42 2886.861382
42 3033.734485
42 3138.050267
42 3266.141637
42 3389.839007
42 3548.905873
42 3668.720049
42 3784.093079
42 3917.351053
42 4041.998490
42 4166.003989
42 4291.927890
42 4410.041621
42 4522.799584
42 4635.835178
42 4748.887549
42 4876.541087
42 4998.192465
42 5114.066426
42 5204.973987
42 5338.955253
42 5453.124577
42 5581.569092
42 5684.550377
42 5803.847721
42 5964.539563
43 111.961056
43 275.380065
43 381.872164
43 518.807020
43 619.212199
43 741.532402
43 856.407633
43 974.220722
43 1081.924247
43 1174.126926
43 1312.170343
43 1406.719326
43 1558.089141
43 1692.583518
43 1811.341555
43 1925.352592
43 2049.656340
43 2164.774170
43 2300.693676
43 2405.388229
43 2547.157193
43 2683.018035
43 2793.960823
43 2910.503368
43 3013.604910
43 3138.219854
43 3254.299730
43 3379.358142
43 3524.209839
43 3654.882747
43 3799.140388
43 3928.388945
43 4069.606656
43 4174.442077
43 4314.830100
43 4416.715894
43 4524.696949
43 4637.538550
43 4766.470503
43 4909.343887
43 5025.387481
43 5158.607721
43 5276.990598
43 5419.341267
43 5547.796247
43 5646.834625
43 5790.879067
43 5918.789133
44 103.337959
44 216.456030
44 357.936138
44 467.604399
44 610.185683
44 726.041132
44 828.329983
44 985.027475
44 1116.185626
44 1257.083336
44 1374.952056
44 1499.816769
44 1625.013626
44 1761.787783
44 1911.233503
44 2007.438268
44 2143.992495
44 2259.967557
44 2386.162368
44 2509.326058
44 2664.982917
44 2775.946823
44 2908.095364
44 3052.752777
44 3156.687393
44 3255.072466
44 3396.558600
44 3488.843148
44 3623.119171
44 3742.319200
44 3850.864142
44 3979.071459
44 4114.162105
44 4225.530297
44 4358.756677
44 4466.860190
44 4600.464414
44 4747.333349
44 4887.796235
44 5011.606886
44 5112.753669
44 5240.754425
44 5367.197397
44 5518.338440
44 5649.138477
44 5778.055782
44 5899.744908
45 108.964123
45 234.804670
45 387.893267
45 496.785687
45 669.696332
45 800.154526
45 933.345095
45 1058.189289
45 1186.663612
45 1324.445842
45 1464.334551
45 1610.506110
45 1698.429858
45 1822.967638
45 1949.874935
45 2052.572661
45 2201.322189
45 2327.123056
45 2431.436141
45 2562.545926
45 2697.776951
45 2843.003076
45 2976.552695
45 3076.615658
45 3217.605557
45 3352.337518
45 3497.517304
45 3651.105024
45 3795.439085
45 3929.043943
45 4037.966988
45 4160.887844
45 4284.421821
45 4415.711230
45 4525.494458
45 4660.325029
45 4773.863558
45 4861.127317
45 4998.281975
45 5115.015278
45 5240.954054
45 5400.852933
45 5520.034169
45 5666.302270
45 5774.928119
45 5901.697525
46 129.010619
46 259.398533
46 400.591483
46 554.320350
46 671.925470
46 786.273642
46 918.439728
46 1057.294159
46 1212.419780
46 1327.587249
46 1430.843346
46 1554.758139
46 1698.118122
46 1822.674681
46 1941.839120
46 2077.930304
46 2214.932792
46 2325.813871
46 2488.919713
46 2604.988279
46 2718.897751
46 2826.000680
46 2975.556507
46 3091.544793
46 3239.972019
46 3378.347025
46 3524.885665
46 3639.156522
46 3790.651666
46 3906.428010
46 4027.258027
46 4139.754238
46 4273.383625
46 4402.340841
46 4524.499008
46 4656.808039
46 4804.810664
46 4960.301767
46 5096.613671
46 5223.153387
46 5370.097371
46 5494.877268
46 5643.356535
46 5751.986303
46 5866.448865
46 5990.177108
47 145.723318
47 266.800262
47 420.186443
47 573.032734
47 714.552441
47 883.382830
47 1020.714065
47 1151.621939
47 1290.700136
47 1433.433915
47 1564.029296
47 1682.666971
47 1805.229632
47 1937.995676
47 2100.964674
47 2214.887394
47 2361.312985
47 2501.056741
47 2636.602175
47 2792.974149
47 2908.790339
47 3050.427297
47 3205.716813
47 3370.405854
47 3491.711149
47 3655.413703
47 3792.401357
47 3927.310309
47 4072.079316
47 4175.192318
47 4318.462309
47 4472.897803
47 4607.416771
47 4744.658663
47 4876.873389
47 4999.525415
47 5118.406067
47 5244.060411
47 5386.171418
47 5496.161175
47 5666.701547
47 5775.157628
47 5892.595262
48 146.936745
48 291.330426
48 411.886055
48 542.114908
48 668.454363
48 824.200476
48 974.783879
48 1109.041407
48 1220.005590
48 1348.739186
48 1496.304375
48 1645.468673
48 1793.119484
48 1920.970033
48 2066.791456
48 2166.753314
48 2326.216696
48 2462.181390
48 2615.072927
48 2764.684039
48 2913.822585
48 3049.805971
48 3170.991304
48 3327.805454
48 3462.669340
48 3615.028497
48 3756.647891
48 3882.924269
48 4030.163472
48 4170.841965
48 4319.526939
48 4445.506093
48 4601.165672
48 4716.923805
48 4857.451082
48 4989.844968
48 5119.253588
48 5265.260268
48 5397.133036
48 5530.636046
48 5666.127565
48 5777.749290
48 5929.529832
49 145.953737
49 291.001880
49 441.447832
49 589.402878
49 716.171825
49 851.538905
49 982.198618
49 1137.137884
49 1281.343985
49 1424.743515
49 1551.400951
49 1702.133876
49 1844.455959
49 1977.103405
49 2105.386648
49 2229.871532
49 2378.774741
49 2523.920746
49 2681.501191
49 2826.947388
49 2973.935151
49 3109.175664
49 3242.062923
49 3350.324791
49 3509.079651
49 3639.790265
49 3782.521923
49 3934.710083
49 4081.023459
49 4224.077091
49 4357.010377
49 4512.990288
49 4666.327059
49 4803.362950
49 4943.771260
49 5090.200542
49 5238.783388
49 5387.144730
49 5520.443200
49 5683.606372
49 5838.594193
49 5981.477774
50 130.671664
50 290.333442
50 445.505066
50 596.965935
50 751.170391
50 882.405757
50 1037.081008
50 1212.835232
50 1376.774390
50 1509.293070
50 1656.562944
50 1791.660734
50 1941.376280
50 2062.513818
50 2198.855039
50 2376.841945
50 2527.541437
50 2629.676687
50 2781.997317
50 2946.025605
50 3079.114218
50 3220.074666
50 3358.707177
50 3495.369279
50 3652.014174
50 3787.808914
50 3914.828353
50 4051.666434
50 4204.893506
50 4339.292762
50 4474.615213
50 4622.014084
50 4761.309592
50 4922.268979
50 5091.683543
50 5222.676154
50 5362.260036
50 5495.826470
50 5630.634990
50 5778.773528
50 5927.556454
51 149.081528
51 288.671341
51 410.773813
51 552.259608
51 688.055017
51 845.656510
51 985.822944
51 1143.655333
51 1289.979301
51 1431.980485
51 1596.964471
51 1752.152909
51 1911.641104
51 2082.732682
51 2218.335113
51 2374.474332
51 2526.598198
51 2680.161071
51 2843.470114
51 2947.866584
51 3108.528514
51 3275.545098
51 3441.363251
51 3583.480523
51 3738.766862
51 3878.876540
51 4044.334563
51 4208.182757
51 4374.978553
51 4531.182806
51 4676.175563
51 4839.222054
51 5005.040538
51 5161.066526
51 5318.776342
51 5458.360164
51 5614.954739
51 5752.624701
51 5906.875005
52 166.391490
52 320.891303
52 460.909055
52 625.179167
52 791.802113
52 947.712481
52 1106.374312
52 1269.823437
52 1450.129178
52 1578.000349
52 1741.090008
52 1938.063993
52 2071.627604
52 2252.966714
52 2403.109291
52 2577.165979
52 2767.573306
52 2904.872736
52 3048.711979
52 3220.902872
52 3376.383453
52 3528.061470
52 3678.766204
52 3865.119569
52 4007.587908
52 4172.320090
52 4311.814536
52 4489.713148
52 4639.384327
52 4807.195634
52 4944.617553
52 5091.622984
52 5257.132731
52 5438.696889
52 5572.880014
52 5731.565478
52 5930.741607
53 146.483409
53 316.426163
53 517.761873
53 670.180620
53 794.463989
53 953.694710
53 1113.963563
53 1273.586029
53 1444.684274
53 1607.537561
53 1769.459808
53 1897.509201
53 2048.481549
53 2193.054827
53 2339.425070
53 2476.253711
53 2625.047458
53 2785.420518
53 2930.174417
53 3078.359857
53 3252.905934
53 3415.521349
53 3578.160538
53 3700.468747
53 3881.032931
53 4044.484955
53 4218.897851
53 4362.756999
53 4523.404358
53 4701.663653
53 4859.463923
53 5029.625264
53 5158.949021
53 5320.226298
53 5489.860694
53 5641.109851
53 5792.366069
53 5955.242711
54 187.155618
54 369.940461
54 514.676249
54 717.260192
54 879.167752
54 1061.592026
54 1207.401106
54 1370.165051
54 1531.418640
54 1716.054289
54 1915.413708
54 2082.366710
54 2232.730233
54 2377.531364
54 2543.155304
54 2718.698931
54 2887.477738
54 3017.812479
54 3180.259421
54 3330.830677
54 3480.049896
54 3633.854390
54 3830.298788
54 3965.740653
54 4137.032082
54 4294.960321
54 4445.212630
54 4622.290497
54 4778.771447
54 4952.873252
54 5112.336789
54 5261.873375
54 5436.598599
54 5620.268452
54 5777.838067
54 5902.597597
55 147.229708
55 318.147725
55 481.992595
55 660.490545
55 860.501439
55 1011.779290
55 1183.504241
55 1333.394725
55 1555.145318
55 1737.696978
55 1903.193311
55 2097.439143
55 2288.731217
55 2448.154591
55 2597.286687
55 2787.229077
55 2976.642049
55 3157.887482
55 3330.951170
55 3489.621950
55 3656.461540
55 3813.627914
55 3957.290135
55 4161.081182
55 4336.175844
55 4547.368289
55 4720.602301
55 4902.314937
55 5091.063236
55 5264.842084
55 5418.472037
55 5593.504429
55 5767.410265
55 5930.389104
56 164.574417
56 348.994914
56 518.160610
56 710.845446
56 873.273369
56 1078.387331
56 1288.241132
56 1404.112752
56 1577.817671
56 1742.381451
56 1897.908919
56 2067.984409
56 2261.832654
56 2489.273998
56 2683.225281
56 2859.285408
56 3032.898706
56 3220.275836
56 3467.165118
56 3642.665493
56 3834.522841
56 3991.930900
56 4196.900515
56 4400.740297
56 4544.900986
56 4721.852929
56 4886.624132
56 5075.699380
56 5259.327393
56 5417.469022
56 5650.661683
56 5813.432617
56 5973.120890
57 197.201616
57 410.145216
57 570.376965
57 786.071457
57 989.585102
57 1140.183546
57 1326.011959
57 1517.207389
57 1698.333580
57 1897.302942
57 2114.470867
57 2302.669736
57 2508.682522
57 2681.545994
57 2879.239160
57 3079.239671
57 3263.033780
57 3415.777160
57 3607.904317
57 3790.008675
57 4005.399224
57 4168.649579
57 4379.701536
57 4519.710468
57 4697.390538
57 4863.466175
57 5077.034403
57 5318.251323
57 5479.361895
57 5704.551575
57 5910.757690
58 191.535366
58 392.263112
58 590.276455
58 793.350915
58 1012.027732
58 1202.063068
58 1433.052891
58 1625.036058
58 1840.632859
58 2027.675297
58 2237.341015
58 2432.075682
58 2639.104296
58 2842.902851
58 3077.511587
58 3279.039262
58 3497.474010
58 3718.773470
58 3908.434200
58 4082.193254
58 4285.003784
58 4447.442916
58 4640.470649
58 4817.281810
58 4998.981054
58 5209.173299
58 5382.927232
58 5578.724280
58 5753.168530
58 5972.690742
59 192.503785
59 408.102018
59 608.001431
59 795.992013
59 979.174618
59 1210.753270
59 1399.259004
59 1580.499282
59 1767.527996
59 1975.262501
59 2163.980010
59 2320.147566
59 2488.553779
59 2683.389242
59 2884.150150
59 3107.543478
59 3313.310667
59 3547.895550
59 3741.869550
59 3941.650537
59 4114.679623
59 4348.572591
59 4554.781609
59 4751.999082
59 4972.541515
59 5159.798142
59 5350.194693
59 5556.733261
59 5751.196606
59 5960.882806
60 261.724517
60 515.039149
60 753.743239
60 987.088511
60 1210.195967
60 1432.269247
60 1617.698604
60 1849.427350
60 2066.504290
60 2241.868419
60 2451.353299
60 2658.184195
60 2908.120678
60 3125.245291
60 3324.533674
60 3527.145456
60 3740.989736
60 3951.813418
60 4196.679861
60 4359.322948
60 4568.608765
60 4772.852331
60 4997.924017
60 5253.619210
60 5493.448110
60 5654.762889
60 5865.419200
61 238.561706
61 473.732384
61 696.256819
61 915.108126
61 1132.676983
61 1368.887941
61 1594.578611
61 1824.259126
61 2029.490038
61 2250.615933
61 2530.175615
61 2794.199027
61 3028.874560
61 3215.996890
61 3463.288466
61 3720.192777
61 3910.653938
61 4130.307205
61 4338.689276
61 4567.099507
61 4720.751538
61 4972.635042
61 5200.415313
61 5418.966577
61 5611.804153
61 5865.371656
62 220.763972
62 438.552487
62 701.466922
62 933.107992
62 1185.684334
62 1467.196593
62 1660.262438
62 1886.863806
62 2183.201425
62 2403.268768
62 2656.246431
62 2910.198237
62 3164.642609
62 3418.822584
62 3654.343385
62 3883.200315
62 4113.340074
62 4318.518792
62 4542.970044
62 4773.673213
62 4993.392369
62 5264.981863
62 5503.484089
62 5772.064064
63 245.071223
63 471.389709
63 743.646756
63 990.301781
63 1229.320625
63 1506.768502
63 1763.135193
63 2027.602279
63 2307.707259
63 2542.317535
63 2781.837270
63 3018.314530
63 3239.878240
63 3524.183418
63 3734.614722
63 4006.115641
63 4285.928488
63 4544.197890
63 4800.439631
63 5050.809532
63 5299.834548
63 5580.548604
63 5846.219682
64 203.271734
64 490.873783
64 788.741767
64 1067.584991
64 1349.109655
64 1617.184722
64 1941.536495
64 2190.502400
64 2429.710621
64 2697.251304
64 2958.147116
64 3329.434503
64 3612.101936
64 3881.003254
64 4186.468331
64 4475.554474
64 4721.708477
64 5006.218614
64 5289.302001
64 5546.874401
64 5813.008530
65 293.929906
65 572.133704
65 915.247477
65 1220.032674
65 1573.821364
65 1921.128595
65 2185.749608
65 2516.730966
65 2790.007982
65 3152.669427
65 3481.834513
65 3799.172070
65 4115.214299
65 4445.156582
65 4676.947243
65 5027.774117
65 5348.136098
65 5613.309639
65 5971.912026
66 293.243458
66 635.137435
66 931.154098
66 1309.296104
66 1624.410210
66 1977.967211
66 2243.950806
66 2626.638337
66 2913.472444
66 3236.862353
66 3531.086075
66 3843.186743
66 4204.699158
66 4524.396911
66 4835.787359
66 5183.479086
66 5494.769420
66 5830.157135
