1 39.193475
1 88.653632
1 151.763581
1 193.577318
1 247.839618
1 321.611204
1 377.706707
1 442.637277
1 483.843519
1 527.313397
1 585.579207
1 670.962214
1 723.672817
1 759.482876
1 769.202772
1 839.036301
1 885.956046
1 910.765232
1 978.736139
1 1016.717385
1 1055.687279
1 1133.709731
1 1210.945023
1 1239.248608
1 1289.247265
1 1346.689917
1 1391.594651
1 1442.982086
1 1494.761935
1 1565.752548
1 1604.244987
1 1669.189397
1 1731.455878
1 1784.118979
1 1849.535514
1 1915.646317
1 2000.316228
1 2052.041365
1 2145.101329
1 2167.709956
1 2241.484011
1 2257.946350
1 2305.115859
1 2375.243960
1 2422.858977
1 2455.279973
1 2517.049654
1 2539.690549
1 2581.044308
1 2631.537312
1 2659.921016
1 2710.068462
1 2754.927954
1 2830.515996
1 2890.191409
1 2929.166214
1 2977.572134
1 3026.741765
1 3091.788771
1 3151.320840
1 3200.103165
1 3259.218479
1 3325.428855
1 3374.387421
1 3422.709430
1 3442.632821
1 3506.564748
1 3530.882997
1 3591.140495
1 3601.178567
1 3664.085354
1 3712.279827
1 3754.736960
1 3791.443904
1 3866.589236
1 3916.793890
1 3981.404245
1 4007.207544
1 4055.226828
1 4083.786982
1 4122.221806
1 4140.878461
1 4173.634846
1 4252.958383
1 4288.766673
1 4330.994157
1 4387.726251
1 4476.361689
1 4498.817116
1 4564.221414
1 4595.125441
1 4645.125034
1 4702.328145
1 4741.472325
1 4794.772138
1 4841.602170
1 4911.028990
1 4965.558041
1 5005.985655
1 5056.045077
1 5079.264781
1 5132.940667
1 5164.465361
1 5240.603747
1 5293.096179
1 5346.063524
1 5388.063125
1 5428.520528
1 5475.586542
1 5514.115653
1 5573.755331
1 5606.961028
1 5642.798890
1 5696.481243
1 5761.760160
1 5791.949067
1 5823.440716
1 5876.827741
1 5918.658459
1 5951.888691
1 5979.820322
2 48.132950
2 110.463696
2 171.121679
2 226.525820
2 240.217194
2 272.978811
2 315.407995
2 374.763894
2 389.237235
2 433.256372
2 497.987802
2 548.375141
2 604.639543
2 640.053632
2 682.855572
2 725.156462
2 768.561093
2 789.797335
2 830.947108
2 867.365669
2 911.674033
2 942.820491
2 1000.215601
2 1056.613576
2 1099.651880
2 1155.490599
2 1216.483555
2 1282.461032
2 1353.084531
2 1415.071886
2 1474.341486
2 1500.008222
2 1539.514964
2 1620.560851
2 1682.288006
2 1724.214007
2 1770.036246
2 1820.362595
2 1847.824983
2 1903.269641
2 1957.509741
2 2022.451649
2 2077.786039
2 2102.058182
2 2146.101360
2 2169.484419
2 2261.712282
2 2317.111272
2 2346.331421
2 2420.290730
2 2438.303982
2 2490.968400
2 2545.357354
2 2588.612200
2 2620.723962
2 2644.948714
2 2707.738468
2 2752.081094
2 2827.975277
2 2871.533653
2 2889.743945
2 2944.109696
2 2977.415670
2 3031.308712
2 3080.125684
2 3135.764860
2 3173.431148
2 3230.278609
2 3297.939138
2 3303.257059
2 3341.489761
2 3404.585327
2 3464.534252
2 3504.964963
2 3573.122730
2 3601.171299
2 3661.360065
2 3699.640472
2 3735.586411
2 3777.677532
2 3829.372885
2 3886.724267
2 3917.672310
2 3982.169446
2 4017.100717
2 4031.434269
2 4101.180966
2 4173.891464
2 4235.046930
2 4287.734599
2 4342.395778
2 4396.765993
2 4455.999200
2 4509.122341
2 4582.688391
2 4623.025614
2 4665.556382
2 4697.657092
2 4739.664821
2 4764.090590
2 4838.144736
2 4890.595291
2 4911.359323
2 4938.229169
2 4963.711374
2 5008.246333
2 5031.946434
2 5092.696377
2 5113.150753
2 5158.854738
2 5242.771530
2 5297.067637
2 5350.055630
2 5420.787039
2 5443.326487
2 5528.879785
2 5598.081802
2 5638.247232
2 5682.274580
2 5741.002498
2 5788.585655
2 5907.183040
2 5946.146602
2 5992.214879
3 33.221184
3 91.026039
3 147.055680
3 173.046207
3 214.918969
3 241.060587
3 320.174036
3 389.526927
3 445.546304
3 484.651098
3 565.051096
3 601.268540
3 661.706797
3 712.752411
3 786.158643
3 811.603965
3 858.333749
3 894.227126
3 935.960856
3 996.903236
3 1073.559770
3 1111.004846
3 1151.779528
3 1199.334948
3 1230.534060
3 1286.923946
3 1346.106648
3 1425.598511
3 1498.429627
3 1524.176211
3 1584.065026
3 1612.372547
3 1671.835357
3 1713.642067
3 1762.057016
3 1828.670801
3 1885.419904
3 1936.472571
3 1960.837187
3 1998.725842
3 2054.022669
3 2089.121580
3 2164.802753
3 2221.030009
3 2261.266033
3 2287.565516
3 2367.384609
3 2381.045235
3 2422.917947
3 2492.258734
3 2533.465820
3 2590.254284
3 2613.994196
3 2640.937857
3 2669.152199
3 2755.744887
3 2808.924546
3 2870.923101
3 2886.703240
3 2932.899426
3 2962.000609
3 3027.081364
3 3053.898839
3 3114.249152
3 3181.098454
3 3220.747472
3 3255.240466
3 3303.093536
3 3371.417648
3 3386.246138
3 3444.453691
3 3455.004107
3 3495.912305
3 3551.726001
3 3581.556146
3 3626.673580
3 3667.461324
3 3723.256669
3 3760.151635
3 3802.550214
3 3846.551825
3 3885.456614
3 3925.974007
3 3974.308707
3 4028.344360
3 4074.255283
3 4114.278018
3 4175.018192
3 4193.080367
3 4250.887161
3 4324.029985
3 4341.568349
3 4388.542958
3 4452.120163
3 4491.834644
3 4534.905317
3 4597.635433
3 4652.788065
3 4698.647152
3 4721.267053
3 4796.081085
3 4833.287248
3 4890.484406
3 4922.129975
3 4962.115612
3 4993.632501
3 5024.440743
3 5100.429994
3 5125.387502
3 5185.393530
3 5240.740847
3 5319.016517
3 5370.451811
3 5423.506471
3 5475.832216
3 5544.691918
3 5577.886120
3 5626.219377
3 5664.057477
3 5678.388672
3 5724.056696
3 5759.629610
3 5790.718543
3 5837.023889
3 5886.460089
3 5925.880855
3 5958.903622
3 5991.731675
4 62.061127
4 115.610051
4 174.135238
4 213.952298
4 250.763780
4 306.870376
4 347.757052
4 392.708847
4 441.901276
4 465.636394
4 529.140892
4 567.643100
4 633.449184
4 681.084242
4 753.979841
4 807.958644
4 857.018176
4 915.618147
4 942.036241
4 1018.996410
4 1065.504896
4 1131.619709
4 1177.152258
4 1219.207636
4 1286.566688
4 1324.290712
4 1388.062835
4 1420.465043
4 1452.127116
4 1525.261540
4 1562.678126
4 1587.800678
4 1653.669354
4 1724.479135
4 1785.298715
4 1845.597096
4 1916.401445
4 1926.791235
4 1957.337953
4 1990.459898
4 2023.550330
4 2094.828666
4 2165.880130
4 2217.672471
4 2255.531249
4 2320.727136
4 2358.364815
4 2435.121067
4 2492.862522
4 2547.151149
4 2597.854497
4 2648.331556
4 2682.133904
4 2703.709050
4 2728.997794
4 2835.926674
4 2878.020271
4 2901.773400
4 2975.972501
4 3014.227505
4 3050.616366
4 3074.298761
4 3113.843616
4 3150.293594
4 3215.708215
4 3259.763028
4 3286.361852
4 3326.544907
4 3351.992014
4 3379.845080
4 3443.869440
4 3519.518340
4 3576.557835
4 3619.533586
4 3664.197266
4 3738.902795
4 3802.723626
4 3830.048816
4 3889.460971
4 3953.299300
4 4003.768199
4 4031.277115
4 4120.225278
4 4163.301980
4 4212.229599
4 4251.673803
4 4292.625587
4 4310.312524
4 4341.998289
4 4396.449644
4 4453.766993
4 4527.233362
4 4531.970603
4 4602.688287
4 4654.044406
4 4698.280561
4 4759.659347
4 4798.121234
4 4849.707176
4 4892.404995
4 4919.758057
4 4946.814785
4 4982.170273
4 5028.559009
4 5107.008422
4 5133.531804
4 5193.258958
4 5277.784973
4 5351.237434
4 5421.389653
4 5444.937028
4 5492.596836
4 5585.173130
4 5619.965617
4 5659.224041
4 5721.531908
4 5795.888476
4 5842.831822
4 5905.806050
4 5936.209209
4 5989.779184
5 30.808648
5 113.696639
5 150.016817
5 229.668637
5 293.210413
5 366.218421
5 426.177630
5 467.845263
5 528.641540
5 585.095935
5 666.271166
5 723.912020
5 766.028161
5 808.120722
5 882.915257
5 926.951145
5 976.662842
5 1056.484136
5 1100.653613
5 1180.726623
5 1213.025084
5 1283.270673
5 1315.790426
5 1371.831078
5 1405.105964
5 1472.316030
5 1565.334846
5 1591.251306
5 1649.155418
5 1718.954799
5 1800.418695
5 1851.512255
5 1878.588465
5 1913.601071
5 1961.353806
5 2007.538920
5 2057.739363
5 2112.214855
5 2178.877565
5 2220.806851
5 2280.225619
5 2323.080394
5 2400.516027
5 2435.569259
5 2474.944588
5 2534.812610
5 2550.830564
5 2602.759993
5 2683.387838
5 2708.940466
5 2726.815135
5 2805.997398
5 2862.809436
5 2901.181035
5 2989.897785
5 3012.779365
5 3081.143077
5 3120.092579
5 3155.243266
5 3200.208477
5 3233.674335
5 3268.445317
5 3312.764903
5 3342.754759
5 3369.186552
5 3426.463711
5 3466.986291
5 3551.451648
5 3626.429689
5 3664.731149
5 3704.063983
5 3761.011950
5 3804.909421
5 3892.545668
5 3929.495606
5 4002.018207
5 4046.505908
5 4090.815466
5 4121.487903
5 4179.958609
5 4254.544226
5 4289.061195
5 4320.628014
5 4395.465765
5 4452.646114
5 4500.120613
5 4568.509498
5 4632.569347
5 4677.075391
5 4736.617564
5 4770.324377
5 4821.713720
5 4890.357055
5 4935.055577
5 4978.901359
5 4998.054992
5 5063.173985
5 5123.710676
5 5200.320727
5 5242.229323
5 5333.526513
5 5371.847394
5 5395.856301
5 5475.362819
5 5505.331267
5 5596.956154
5 5637.799083
5 5657.441721
5 5712.231443
5 5760.221730
5 5798.267533
5 5847.101746
5 5893.506406
5 5958.130908
6 35.008149
6 87.455700
6 118.798565
6 163.835136
6 224.105884
6 274.212209
6 346.614129
6 392.194076
6 443.017023
6 470.999482
6 527.676129
6 601.892135
6 633.669377
6 682.140399
6 725.892533
6 771.362820
6 816.772935
6 868.058942
6 913.139799
6 974.579239
6 997.928029
6 1061.362082
6 1099.984123
6 1149.994021
6 1231.014604
6 1281.690662
6 1333.629081
6 1369.737743
6 1407.098969
6 1473.429892
6 1517.723846
6 1561.889887
6 1613.541763
6 1652.415307
6 1707.146645
6 1790.903384
6 1852.675051
6 1905.699425
6 1956.137115
6 1994.436760
6 2053.474455
6 2080.160529
6 2098.637700
6 2167.000228
6 2214.473029
6 2257.979249
6 2348.960540
6 2387.551459
6 2417.568854
6 2435.415890
6 2493.468228
6 2542.759608
6 2599.641238
6 2643.962103
6 2683.375232
6 2713.204869
6 2752.563559
6 2785.965176
6 2856.853599
6 2914.172172
6 2940.816173
6 2985.100826
6 3044.076763
6 3091.645889
6 3133.779893
6 3179.804834
6 3238.542646
6 3294.996509
6 3352.808173
6 3422.869532
6 3467.496958
6 3503.825797
6 3532.271370
6 3571.631803
6 3616.988133
6 3648.817924
6 3712.104638
6 3762.618300
6 3838.531045
6 3866.999603
6 3953.635834
6 3979.479783
6 4027.893119
6 4049.637944
6 4093.767649
6 4121.724012
6 4191.205925
6 4222.863339
6 4298.753905
6 4346.458977
6 4380.771276
6 4433.753628
6 4477.753138
6 4537.990245
6 4578.575475
6 4609.419293
6 4645.518153
6 4724.523910
6 4744.782863
6 4797.606962
6 4860.777677
6 4907.981460
6 4964.288239
6 5023.974763
6 5079.352155
6 5100.753055
6 5207.232119
6 5256.332451
6 5302.797021
6 5349.610694
6 5396.499719
6 5449.083655
6 5491.999340
6 5542.968229
6 5606.419753
6 5667.186604
6 5736.993406
6 5827.395290
6 5872.294044
6 5952.073230
6 5978.441212
7 32.071886
7 61.035733
7 108.903026
7 169.709704
7 209.930395
7 261.552576
7 313.120788
7 391.852758
7 428.584503
7 495.140155
7 566.914438
7 626.019912
7 699.412993
7 719.866421
7 765.586890
7 806.685949
7 865.052867
7 920.544760
7 989.778736
7 1019.049760
7 1074.241047
7 1110.099989
7 1154.199428
7 1207.057506
7 1256.456174
7 1349.455365
7 1409.546618
7 1472.702730
7 1535.850868
7 1591.707919
7 1664.977616
7 1690.957778
7 1727.373564
7 1790.271964
7 1851.898018
7 1907.557858
7 1963.166603
7 2022.204261
7 2066.412130
7 2113.919961
7 2145.245211
7 2198.197070
7 2258.900545
7 2290.001456
7 2358.923008
7 2416.265575
7 2465.826241
7 2511.308594
7 2571.519263
7 2617.240596
7 2679.859262
7 2726.735500
7 2754.685489
7 2810.376409
7 2873.487589
7 2930.445490
7 2991.665363
7 3009.580636
7 3059.362253
7 3118.717200
7 3161.887724
7 3197.290306
7 3289.783463
7 3323.667451
7 3373.707356
7 3442.854934
7 3467.358752
7 3551.135162
7 3579.845395
7 3624.838523
7 3700.573775
7 3714.000700
7 3779.325889
7 3821.314069
7 3887.461064
7 3959.047638
7 4029.682371
7 4085.578224
7 4145.668047
7 4176.100086
7 4200.563748
7 4235.504867
7 4304.194010
7 4341.577415
7 4392.580517
7 4450.924022
7 4479.862455
7 4523.661166
7 4563.661906
7 4608.847343
7 4678.708280
7 4722.669960
7 4787.900294
7 4832.067798
7 4858.315618
7 4914.882746
7 4986.918616
7 4998.023941
7 5042.875409
7 5064.794450
7 5099.924337
7 5159.672931
7 5211.711063
7 5287.026919
7 5335.590337
7 5395.792399
7 5448.834267
7 5505.518971
7 5534.512805
7 5639.705400
7 5715.753994
7 5789.150228
7 5816.779035
7 5842.978753
7 5880.508559
7 5940.186222
7 5982.407239
8 53.601186
8 109.066476
8 148.172311
8 221.682122
8 289.258430
8 321.316451
8 391.650793
8 438.215029
8 483.000352
8 514.837388
8 563.895957
8 603.093557
8 673.726955
8 729.033295
8 778.796455
8 814.955746
8 891.571791
8 943.926947
8 973.284894
8 1013.677797
8 1072.276647
8 1133.434010
8 1155.346627
8 1208.527335
8 1254.712615
8 1281.517930
8 1354.736628
8 1410.626892
8 1489.133766
8 1568.207087
8 1620.490887
8 1675.157399
8 1746.932930
8 1787.372959
8 1850.501816
8 1895.710479
8 1960.628144
8 1997.224061
8 2072.899065
8 2112.749676
8 2149.677907
8 2189.437791
8 2255.593061
8 2321.222207
8 2354.843688
8 2406.490044
8 2438.177344
8 2508.967420
8 2579.301201
8 2628.074958
8 2679.108264
8 2705.023300
8 2767.653356
8 2818.685878
8 2869.994201
8 2916.134775
8 2961.506346
8 3007.661522
8 3073.182621
8 3116.239430
8 3154.515507
8 3226.695422
8 3291.443968
8 3319.578135
8 3373.140389
8 3397.583950
8 3440.437750
8 3512.511751
8 3555.107370
8 3618.019631
8 3680.047172
8 3760.409935
8 3828.220547
8 3888.468625
8 3918.029106
8 3993.966944
8 4055.476259
8 4099.358782
8 4148.951717
8 4192.670534
8 4220.293942
8 4301.615136
8 4322.532622
8 4401.690444
8 4429.285868
8 4491.842774
8 4525.917170
8 4557.190988
8 4613.323362
8 4663.176172
8 4719.470468
8 4788.854476
8 4856.669574
8 4934.327181
8 4991.418876
8 5053.496787
8 5078.324247
8 5112.863383
8 5173.963275
8 5237.340505
8 5286.458370
8 5369.572104
8 5438.122863
8 5484.780020
8 5523.713164
8 5584.609197
8 5618.445531
8 5692.450275
8 5714.060904
8 5760.346838
8 5825.655439
8 5877.040788
8 5953.373459
8 5982.262456
9 87.031886
9 109.763341
9 172.617180
9 211.336077
9 225.982736
9 285.037988
9 354.050244
9 394.372456
9 427.188588
9 474.239003
9 533.977555
9 562.624392
9 616.834113
9 653.747471
9 706.692288
9 723.854881
9 788.866594
9 864.798117
9 913.722117
9 941.188790
9 992.722948
9 1040.231589
9 1081.078345
9 1159.070830
9 1209.385273
9 1282.379517
9 1334.509979
9 1377.312688
9 1457.010178
9 1521.920397
9 1566.767350
9 1613.661420
9 1638.982736
9 1706.127243
9 1768.183241
9 1806.059312
9 1878.518087
9 1914.114218
9 2000.240016
9 2051.112335
9 2096.942042
9 2145.800059
9 2210.778014
9 2299.772250
9 2338.436850
9 2432.448019
9 2456.909596
9 2557.075415
9 2600.512116
9 2646.238513
9 2730.780365
9 2791.688535
9 2873.420182
9 2903.224729
9 2947.551639
9 3006.427004
9 3058.941934
9 3082.411610
9 3146.809550
9 3230.971679
9 3305.174689
9 3373.839516
9 3432.900405
9 3493.452189
9 3529.346032
9 3554.093644
9 3601.216326
9 3619.676509
9 3679.869885
9 3761.609208
9 3799.645365
9 3828.152279
9 3886.837377
9 3921.211232
9 3978.339008
9 4046.074267
9 4086.997557
9 4123.628687
9 4192.232457
9 4237.504358
9 4286.593707
9 4356.616600
9 4381.628145
9 4454.418801
9 4507.433806
9 4542.259386
9 4584.730640
9 4643.728410
9 4675.549381
9 4724.160525
9 4758.753491
9 4786.961864
9 4860.480244
9 4892.307999
9 4965.012723
9 5027.996541
9 5078.867885
9 5112.906579
9 5168.727215
9 5214.097952
9 5253.255174
9 5332.727046
9 5353.845063
9 5396.606563
9 5445.533188
9 5506.729614
9 5544.893378
9 5619.122113
9 5678.228471
9 5714.909959
9 5784.958169
9 5825.352165
9 5868.281155
9 5924.951337
9 5981.943012
10 32.688266
10 35.626143
10 115.833671
10 174.385194
10 222.573447
10 281.817263
10 353.399687
10 417.929150
10 505.987474
10 528.494518
10 612.757068
10 648.056318
10 681.932176
10 722.245906
10 764.511282
10 830.994801
10 883.223600
10 925.571042
10 975.011553
10 1038.349350
10 1066.442274
10 1133.972399
10 1184.234876
10 1259.064583
10 1278.321538
10 1350.472550
10 1407.996407
10 1471.941720
10 1536.323485
10 1590.551587
10 1613.785422
10 1663.723780
10 1705.130684
10 1767.748842
10 1818.156957
10 1882.160300
10 1922.508262
10 1983.234112
10 2024.626461
10 2079.143831
10 2120.592239
10 2195.645809
10 2239.741460
10 2309.116334
10 2344.491312
10 2396.278703
10 2459.899017
10 2509.652962
10 2555.175413
10 2630.566823
10 2666.593412
10 2728.010933
10 2774.200456
10 2831.511966
10 2856.769523
10 2912.276783
10 2962.781948
10 3024.474684
10 3039.667492
10 3073.690645
10 3138.344315
10 3178.459280
10 3259.676530
10 3324.535745
10 3374.673139
10 3402.760806
10 3433.454654
10 3519.866712
10 3573.580931
10 3643.408695
10 3665.201400
10 3722.278292
10 3802.610809
10 3832.274143
10 3892.150848
10 3922.218092
10 3981.108287
10 4010.450528
10 4046.988384
10 4112.960247
10 4155.608100
10 4241.408582
10 4300.643281
10 4341.053513
10 4419.676200
10 4475.963507
10 4528.611929
10 4571.439997
10 4636.259304
10 4646.173548
10 4678.638503
10 4731.673157
10 4798.248967
10 4840.634072
10 4890.079714
10 4935.768387
10 4961.252453
10 5004.315230
10 5047.085046
10 5112.071576
10 5206.971876
10 5238.918891
10 5300.419872
10 5332.378151
10 5370.767417
10 5435.746928
10 5478.813548
10 5548.586021
10 5588.461508
10 5669.775565
10 5727.446997
10 5791.138510
10 5854.608154
10 5884.601670
10 5923.291401
10 5978.453107
11 53.467818
11 120.466716
11 146.381006
11 202.185174
11 290.287436
11 350.646232
11 425.094383
11 461.985888
11 524.032051
11 570.440828
11 638.012807
11 679.126725
11 742.222475
11 811.857381
11 853.556122
11 883.538117
11 937.086467
11 999.602015
11 1053.651961
11 1133.515758
11 1202.678131
11 1273.204830
11 1351.970267
11 1403.549912
11 1473.647123
11 1523.047835
11 1558.995901
11 1606.054096
11 1708.378039
11 1737.971855
11 1785.227735
11 1850.643661
11 1878.684380
11 1932.732708
11 1994.928746
11 2017.433632
11 2073.095672
11 2129.205834
11 2167.667852
11 2216.366168
11 2257.164663
11 2296.940936
11 2363.124513
11 2412.108523
11 2433.215827
11 2513.034641
11 2572.396064
11 2641.099270
11 2695.282910
11 2724.996707
11 2753.972201
11 2781.429205
11 2831.284314
11 2871.604562
11 2994.314213
11 3037.808914
11 3100.807167
11 3145.887137
11 3209.948722
11 3224.366233
11 3306.363596
11 3340.256693
11 3432.365600
11 3489.274006
11 3528.050539
11 3554.458929
11 3570.986560
11 3600.727339
11 3664.897126
11 3722.257745
11 3753.205901
11 3782.448652
11 3866.666210
11 3888.095890
11 3949.828979
11 4013.313230
11 4082.939409
11 4118.965901
11 4171.626173
11 4219.632919
11 4269.846001
11 4322.683695
11 4393.803832
11 4473.546624
11 4508.024821
11 4545.509718
11 4603.751924
11 4667.732746
11 4731.667537
11 4776.037342
11 4821.739778
11 4874.633456
11 4918.310196
11 4964.517050
11 5043.469198
11 5110.466194
11 5162.863820
11 5241.498589
11 5292.706246
11 5337.690108
11 5376.255887
11 5430.277051
11 5440.734935
11 5477.455464
11 5573.726073
11 5588.764451
11 5637.783638
11 5694.843649
11 5790.538938
11 5848.397035
11 5923.748254
11 5950.744385
11 5967.972620
12 51.671119
12 118.347175
12 163.816399
12 223.017135
12 290.520928
12 321.066001
12 351.136213
12 393.341492
12 455.706936
12 512.463005
12 568.393531
12 634.689716
12 725.692993
12 745.645427
12 817.876362
12 902.139425
12 939.443849
12 983.420123
12 1030.990398
12 1070.183108
12 1133.026202
12 1176.455213
12 1250.789934
12 1298.350668
12 1373.460224
12 1408.726837
12 1462.375118
12 1507.621014
12 1556.570239
12 1616.096878
12 1721.843852
12 1767.195898
12 1863.343138
12 1915.090980
12 1966.734701
12 1992.505507
12 2020.169977
12 2094.986581
12 2142.049176
12 2188.429733
12 2255.528072
12 2295.721168
12 2374.237867
12 2423.151406
12 2488.633673
12 2533.004079
12 2614.414409
12 2667.978766
12 2710.035871
12 2785.087531
12 2833.619704
12 2852.137748
12 2914.070049
12 2939.659820
12 2987.895437
12 3075.504207
12 3118.755236
12 3173.330133
12 3236.950120
12 3297.474136
12 3341.887294
12 3367.658707
12 3398.656153
12 3467.764534
12 3512.986857
12 3556.208976
12 3601.938363
12 3640.976767
12 3713.186837
12 3759.097495
12 3828.864993
12 3887.637415
12 3945.055967
12 4000.998593
12 4096.746904
12 4123.278930
12 4173.993545
12 4219.787099
12 4270.993428
12 4293.935275
12 4373.665702
12 4421.450329
12 4491.361619
12 4563.408130
12 4608.180689
12 4647.056252
12 4711.619528
12 4733.190493
12 4778.754166
12 4838.754650
12 4888.179219
12 4964.695175
12 5021.658454
12 5112.350703
12 5177.954241
12 5237.551528
12 5278.148245
12 5326.087031
12 5399.953241
12 5441.723435
12 5491.344197
12 5510.502709
12 5582.496309
12 5649.484766
12 5695.780927
12 5768.945962
12 5794.678638
12 5882.540320
12 5905.321010
12 5992.368579
13 23.170290
13 83.262337
13 124.978192
13 160.621705
13 208.660409
13 250.764615
13 277.293239
13 320.761339
13 391.442968
13 421.965655
13 468.199517
13 519.092649
13 587.202743
13 671.121424
13 747.020887
13 766.466126
13 809.894128
13 837.654770
13 910.233635
13 941.517427
13 1000.053949
13 1041.364684
13 1112.579884
13 1155.437838
13 1214.778498
13 1254.645088
13 1320.709844
13 1371.082001
13 1408.240977
13 1516.544043
13 1554.902857
13 1613.441895
13 1684.524823
13 1714.701171
13 1782.143671
13 1841.680931
13 1924.261444
13 1993.003917
13 2022.288372
13 2083.813124
13 2143.733446
13 2169.852198
13 2261.333136
13 2294.309279
13 2321.925737
13 2367.031429
13 2446.883631
13 2490.925235
13 2550.246204
13 2593.003069
13 2671.504165
13 2707.632343
13 2756.727472
13 2808.237262
13 2833.617620
13 2873.603536
13 2910.317533
13 2955.264059
13 3001.230582
13 3075.291019
13 3132.173034
13 3172.164020
13 3224.858047
13 3260.916553
13 3341.183654
13 3354.551176
13 3406.676316
13 3455.802244
13 3517.467375
13 3573.100195
13 3621.656201
13 3682.686438
13 3753.343389
13 3825.019356
13 3859.080579
13 3916.429379
13 3985.641490
13 4029.740226
13 4071.309591
13 4142.097535
13 4183.766465
13 4200.743604
13 4252.899905
13 4291.660148
13 4342.819994
13 4382.755344
13 4396.260857
13 4480.112754
13 4527.249839
13 4573.432568
13 4607.992486
13 4649.336758
13 4677.865322
13 4745.128859
13 4777.893806
13 4832.298077
13 4891.204223
13 4963.089179
13 5001.958931
13 5048.577390
13 5082.453245
13 5153.399960
13 5212.855213
13 5238.797165
13 5286.624645
13 5332.771850
13 5400.612289
13 5464.762290
13 5513.483116
13 5589.602036
13 5639.098920
13 5661.938521
13 5760.568857
13 5792.126282
13 5862.659022
13 5919.853886
13 5985.260927
14 49.524692
14 113.449817
14 174.314563
14 246.108418
14 292.790908
14 391.689415
14 433.423809
14 514.051778
14 586.688581
14 632.657517
14 680.037812
14 763.495213
14 807.446208
14 862.466473
14 885.886966
14 939.500775
14 980.603921
14 1042.506953
14 1103.328016
14 1150.504871
14 1206.681979
14 1253.261511
14 1261.274016
14 1315.166973
14 1377.899623
14 1472.692448
14 1495.533364
14 1527.521023
14 1587.999558
14 1638.797672
14 1702.695068
14 1763.658145
14 1767.696437
14 1807.159931
14 1885.774788
14 1957.443991
14 2016.329665
14 2054.989204
14 2073.067264
14 2099.723280
14 2119.828270
14 2146.434612
14 2214.673610
14 2265.163279
14 2346.718569
14 2391.058185
14 2439.618584
14 2511.742868
14 2583.679661
14 2628.395313
14 2691.061409
14 2729.686460
14 2786.197699
14 2851.178571
14 2939.084346
14 3027.989290
14 3073.418489
14 3126.665946
14 3200.061574
14 3297.455799
14 3352.377033
14 3435.874246
14 3472.874770
14 3527.994930
14 3573.150348
14 3625.641005
14 3662.210911
14 3752.777803
14 3784.227803
14 3833.161658
14 3889.240230
14 3948.239743
14 3980.302879
14 4011.578394
14 4043.392546
14 4121.171030
14 4150.510184
14 4221.379333
14 4270.601580
14 4321.316058
14 4380.940724
14 4454.538457
14 4491.064754
14 4514.419639
14 4552.485253
14 4629.489376
14 4679.525243
14 4753.993828
14 4822.502295
14 4889.795500
14 4959.119617
14 4992.381417
14 5027.197583
14 5082.319978
14 5128.047894
14 5163.229144
14 5237.912456
14 5263.246654
14 5313.055370
14 5368.300966
14 5412.885144
14 5470.640820
14 5536.553978
14 5598.023253
14 5638.659158
14 5691.707775
14 5771.597293
14 5816.344015
14 5890.763088
14 5936.718029
14 5979.376366
15 51.976693
15 112.787712
15 175.362651
15 242.806624
15 288.220727
15 364.356486
15 406.191476
15 467.634214
15 507.530854
15 568.125145
15 616.579107
15 670.791756
15 723.335386
15 785.689170
15 835.189335
15 883.175967
15 920.466580
15 966.357452
15 1000.526541
15 1071.291681
15 1101.522390
15 1171.041400
15 1202.031267
15 1252.484286
15 1318.232394
15 1388.165881
15 1408.107042
15 1473.469417
15 1522.800545
15 1592.839314
15 1620.347598
15 1688.693942
15 1700.297166
15 1766.305236
15 1832.049490
15 1879.563908
15 1959.378539
15 1968.569350
15 2023.290480
15 2065.317590
15 2114.729512
15 2174.441147
15 2242.908828
15 2305.638557
15 2348.172196
15 2396.878189
15 2474.760984
15 2536.370361
15 2615.255042
15 2662.158571
15 2710.349835
15 2774.690657
15 2830.307286
15 2873.565797
15 2912.459900
15 2968.919842
15 3012.857381
15 3075.168581
15 3120.941359
15 3173.333751
15 3250.998931
15 3323.419764
15 3352.051290
15 3406.926974
15 3451.814709
15 3497.395476
15 3539.411966
15 3602.066756
15 3625.750814
15 3664.833079
15 3726.166240
15 3801.171246
15 3819.826573
15 3923.216346
15 3949.654535
15 3975.129583
15 4007.102546
15 4074.362062
15 4156.493159
15 4206.821538
15 4269.974587
15 4300.410679
15 4326.556974
15 4377.751373
15 4425.936124
15 4471.997060
15 4492.491396
15 4542.761641
15 4588.422951
15 4660.277330
15 4712.494726
15 4765.682314
15 4835.104693
15 4886.416710
15 4932.452309
15 4995.816221
15 5020.200144
15 5073.395719
15 5102.856175
15 5165.144359
15 5247.889639
15 5336.278583
15 5367.915557
15 5449.703197
15 5510.342751
15 5571.956549
15 5620.916192
15 5668.343509
15 5717.950385
15 5761.048415
15 5817.298219
15 5885.478907
15 5957.973579
16 52.203567
16 132.474479
16 182.082917
16 224.188830
16 272.940150
16 366.676125
16 433.662240
16 442.995427
16 485.388265
16 539.671949
16 593.268462
16 614.636530
16 667.003580
16 723.286442
16 792.699695
16 851.927098
16 910.751735
16 976.065332
16 1039.038171
16 1068.123550
16 1152.737591
16 1214.177376
16 1256.215309
16 1313.993073
16 1349.806339
16 1410.253221
16 1486.571613
16 1539.993989
16 1591.107550
16 1636.098189
16 1700.394790
16 1731.068861
16 1785.458734
16 1831.173734
16 1883.597916
16 1968.731084
16 2022.932308
16 2098.568703
16 2164.565915
16 2218.127882
16 2258.036088
16 2302.863048
16 2327.882256
16 2395.141937
16 2452.308510
16 2494.779730
16 2569.926583
16 2605.782339
16 2644.403863
16 2682.284281
16 2731.951300
16 2776.587412
16 2832.445346
16 2861.613095
16 2912.174997
16 2966.505637
16 2989.675897
16 3059.199966
16 3084.961629
16 3179.354802
16 3263.833893
16 3296.045272
16 3369.292303
16 3429.667389
16 3468.613623
16 3512.189700
16 3552.226774
16 3612.945825
16 3666.054946
16 3714.315255
16 3776.324511
16 3798.835301
16 3866.212705
16 3927.884869
16 3982.031574
16 4045.857444
16 4092.959620
16 4157.191269
16 4201.510517
16 4251.676139
16 4321.244234
16 4341.909427
16 4415.570030
16 4458.101092
16 4539.643644
16 4596.124803
16 4676.842371
16 4732.324355
16 4758.826216
16 4800.016715
16 4858.249578
16 4917.701772
16 4965.940722
16 4993.488445
16 5021.145256
16 5059.996042
16 5111.328336
16 5205.414139
16 5285.043642
16 5331.567217
16 5365.535689
16 5431.931524
16 5472.565409
16 5536.751536
16 5607.731449
16 5686.025129
16 5716.532841
16 5788.768717
16 5861.568700
16 5923.293653
16 5962.182068
16 5980.222924
17 63.497190
17 128.128708
17 227.600690
17 246.846851
17 313.788471
17 367.799589
17 425.605128
17 489.746792
17 559.436652
17 596.361220
17 660.384970
17 684.655760
17 773.520224
17 785.903850
17 867.067669
17 913.252588
17 947.608267
17 995.125949
17 1039.445823
17 1109.656021
17 1179.776497
17 1234.455341
17 1326.132380
17 1367.672394
17 1431.069463
17 1492.259754
17 1565.073301
17 1612.665648
17 1653.346831
17 1700.921836
17 1738.944737
17 1825.247230
17 1869.640568
17 1914.510700
17 1958.522453
17 2036.815755
17 2110.480012
17 2189.715341
17 2240.473924
17 2290.554847
17 2341.239497
17 2423.361423
17 2491.006805
17 2550.950337
17 2616.383484
17 2685.253657
17 2751.523001
17 2789.368493
17 2859.320922
17 2921.981924
17 2963.067922
17 3022.672199
17 3091.033801
17 3122.711019
17 3174.830868
17 3205.929773
17 3231.618387
17 3258.110788
17 3320.993365
17 3367.618462
17 3441.565088
17 3468.847663
17 3489.065233
17 3538.178698
17 3599.940265
17 3665.725526
17 3692.305553
17 3752.847853
17 3829.557947
17 3890.220289
17 3928.692656
17 4016.631706
17 4080.232632
17 4145.349057
17 4254.236965
17 4302.733813
17 4339.934701
17 4390.481186
17 4429.823396
17 4465.687473
17 4540.622215
17 4616.776812
17 4650.155371
17 4714.073136
17 4774.474910
17 4849.519316
17 4888.550842
17 4955.642649
17 4992.016747
17 5058.414577
17 5133.948907
17 5175.495173
17 5242.161260
17 5285.358277
17 5353.517993
17 5436.952876
17 5475.708834
17 5543.174661
17 5590.448427
17 5640.739536
17 5693.620714
17 5726.924576
17 5789.934639
17 5844.470892
17 5882.353440
17 5936.527022
18 32.964297
18 87.441751
18 146.228309
18 195.887040
18 242.469951
18 277.623361
18 354.681968
18 439.582873
18 486.426927
18 506.824262
18 586.181657
18 631.522798
18 709.327927
18 785.241010
18 813.611314
18 843.147108
18 912.070553
18 973.669056
18 1001.670544
18 1023.962297
18 1077.644040
18 1157.613778
18 1197.660124
18 1257.881273
18 1301.505663
18 1342.578842
18 1396.895538
18 1419.789999
18 1461.372200
18 1517.228502
18 1575.631444
18 1588.593628
18 1679.560686
18 1741.384807
18 1800.450361
18 1852.048922
18 1931.104263
18 1992.478241
18 2041.693620
18 2074.674865
18 2128.808917
18 2197.798939
18 2243.664377
18 2318.067200
18 2353.245435
18 2383.423126
18 2436.787936
18 2478.796175
18 2538.752000
18 2611.111796
18 2664.310427
18 2733.036200
18 2785.333014
18 2833.187605
18 2891.447333
18 2940.989453
18 3008.853406
18 3072.948495
18 3106.498205
18 3177.647515
18 3235.850831
18 3307.133153
18 3376.208321
18 3406.394910
18 3483.565072
18 3575.448986
18 3641.672124
18 3681.848265
18 3714.926574
18 3798.408581
18 3865.009403
18 3931.993528
18 3975.418784
18 4030.297246
18 4080.267219
18 4108.275025
18 4172.527259
18 4220.889157
18 4304.151941
18 4373.433393
18 4386.800025
18 4455.191303
18 4527.794559
18 4590.678460
18 4646.893328
18 4699.475918
18 4777.195798
18 4843.629304
18 4882.114230
18 4998.623866
18 5044.484775
18 5113.479975
18 5159.938245
18 5190.858177
18 5203.755786
18 5275.447550
18 5321.641787
18 5369.833685
18 5420.713538
18 5457.631387
18 5507.893676
18 5582.155186
18 5640.611074
18 5696.248862
18 5768.424331
18 5839.753927
18 5903.090899
18 5948.725051
19 59.167533
19 111.389815
19 163.225938
19 212.015964
19 253.112440
19 315.032313
19 354.915214
19 411.129596
19 465.551966
19 531.494160
19 619.079313
19 672.579110
19 747.167920
19 842.720749
19 908.850851
19 950.590625
19 1016.648382
19 1054.214458
19 1071.521988
19 1102.501108
19 1132.096300
19 1182.765741
19 1241.035513
19 1293.518099
19 1349.487923
19 1375.209897
19 1460.026236
19 1525.835292
19 1593.969515
19 1612.422975
19 1682.852615
19 1742.478566
19 1794.279253
19 1865.466559
19 1913.851423
19 1976.399689
19 2013.659615
19 2096.236798
19 2145.014869
19 2188.775539
19 2257.242524
19 2311.690601
19 2378.944460
19 2427.583923
19 2462.214300
19 2513.333246
19 2578.330094
19 2627.921143
19 2669.677216
19 2718.212009
19 2756.102086
19 2811.026951
19 2869.563127
19 2943.955332
19 2986.634045
19 3061.127369
19 3138.695031
19 3225.099560
19 3324.732066
19 3372.306685
19 3405.931905
19 3487.069954
19 3553.792505
19 3627.234061
19 3682.125165
19 3716.052865
19 3756.945451
19 3816.050883
19 3892.920606
19 3985.693420
19 4046.170126
19 4103.509648
19 4120.948969
19 4155.943248
19 4236.799165
19 4295.732875
19 4358.252322
19 4408.506451
19 4476.863022
19 4543.343432
19 4624.133032
19 4699.683374
19 4731.350138
19 4796.100577
19 4842.207461
19 4911.381568
19 4974.398998
19 5046.971314
19 5112.876607
19 5170.870106
19 5236.370808
19 5293.048979
19 5333.889247
19 5398.184277
19 5446.588032
19 5510.948934
19 5546.198599
19 5635.626394
19 5692.766525
19 5731.071917
19 5790.968326
19 5823.589219
19 5885.851645
19 5957.731986
19 5979.769750
20 63.549145
20 128.461944
20 238.781075
20 293.239547
20 352.062539
20 393.005872
20 476.180660
20 527.326141
20 598.278726
20 636.769378
20 722.852538
20 774.633854
20 815.990622
20 882.959565
20 953.826782
20 1001.820256
20 1038.746586
20 1109.971709
20 1154.068283
20 1195.915456
20 1262.602269
20 1330.513655
20 1397.521642
20 1446.878981
20 1461.391945
20 1517.782234
20 1563.458667
20 1612.852584
20 1657.456934
20 1703.563975
20 1743.171155
20 1786.339247
20 1858.930725
20 1923.920573
20 1984.848453
20 2022.947603
20 2077.635638
20 2146.214770
20 2242.034083
20 2301.001782
20 2403.059534
20 2464.942628
20 2545.047610
20 2641.239233
20 2721.345694
20 2755.506848
20 2812.257649
20 2876.462415
20 2965.060346
20 2989.111905
20 3023.719495
20 3048.625259
20 3119.488684
20 3174.375206
20 3217.215640
20 3273.872024
20 3303.754060
20 3355.372135
20 3416.043924
20 3455.695535
20 3485.243995
20 3555.508053
20 3623.967779
20 3665.031859
20 3712.919798
20 3759.389265
20 3829.091041
20 3890.729580
20 3931.206148
20 4004.560220
20 4053.462333
20 4107.746857
20 4151.595728
20 4202.172412
20 4268.670006
20 4358.613706
20 4380.485720
20 4461.540485
20 4534.197128
20 4606.877776
20 4672.827609
20 4728.424469
20 4789.052312
20 4841.889928
20 4882.094771
20 4919.496186
20 4963.312591
20 5047.320232
20 5114.373537
20 5154.218564
20 5210.768972
20 5285.170300
20 5336.175259
20 5371.491312
20 5422.372061
20 5478.943568
20 5507.430423
20 5547.223084
20 5640.107843
20 5692.867374
20 5771.295336
20 5818.136739
20 5859.834967
20 5921.496072
21 50.017638
21 85.185127
21 179.011713
21 225.888688
21 251.367034
21 350.217285
21 368.705946
21 409.017072
21 424.767133
21 533.238454
21 593.375936
21 658.621552
21 726.354151
21 762.515358
21 817.108713
21 884.390379
21 936.696233
21 994.652655
21 1041.536098
21 1104.310175
21 1150.739673
21 1211.517245
21 1252.833333
21 1329.053619
21 1385.714876
21 1463.577323
21 1475.521142
21 1566.945036
21 1610.593801
21 1677.725787
21 1741.932742
21 1799.619551
21 1851.747960
21 1914.660602
21 1975.529173
21 1999.980489
21 2074.478700
21 2142.766523
21 2167.574876
21 2205.230411
21 2276.683751
21 2331.009872
21 2390.857770
21 2434.172618
21 2496.474759
21 2571.739505
21 2617.146526
21 2666.756716
21 2751.589426
21 2813.486595
21 2872.232572
21 2936.918255
21 2977.599691
21 3022.667683
21 3070.512698
21 3115.670069
21 3190.107322
21 3255.244148
21 3308.182958
21 3368.955559
21 3425.225524
21 3500.844793
21 3551.230712
21 3601.499788
21 3668.247730
21 3718.704538
21 3756.532492
21 3840.990264
21 3920.382726
21 3941.934669
21 4004.670862
21 4056.335941
21 4111.184167
21 4220.433921
21 4268.528628
21 4303.767488
21 4325.593438
21 4372.861777
21 4436.316364
21 4477.410892
21 4550.873590
21 4617.617225
21 4709.925893
21 4759.629643
21 4864.436428
21 4893.328411
21 4966.191996
21 5060.468666
21 5114.675979
21 5155.835797
21 5216.087916
21 5305.008123
21 5369.737160
21 5446.603114
21 5512.688360
21 5540.621505
21 5581.441921
21 5639.551353
21 5692.846656
21 5745.337178
21 5788.105659
21 5846.788025
21 5882.226586
21 5949.956141
22 64.036735
22 72.551260
22 128.251164
22 215.616915
22 257.299833
22 310.289265
22 349.541775
22 414.766011
22 447.851721
22 517.467144
22 565.464180
22 584.640432
22 635.116440
22 728.098857
22 755.762455
22 855.705055
22 950.099319
22 1016.565626
22 1054.432289
22 1107.509567
22 1180.553189
22 1251.058850
22 1316.649546
22 1414.013987
22 1494.002257
22 1567.829575
22 1605.153908
22 1674.258384
22 1730.901921
22 1777.924612
22 1828.971599
22 1917.956361
22 1959.217050
22 2000.183616
22 2077.326005
22 2120.164778
22 2178.649619
22 2270.239414
22 2320.327286
22 2353.597371
22 2389.868833
22 2460.214767
22 2530.183824
22 2591.278978
22 2630.524061
22 2698.832413
22 2767.569797
22 2826.099719
22 2872.212237
22 2915.658486
22 2991.248538
22 3020.168924
22 3083.432442
22 3177.064429
22 3215.968532
22 3279.104228
22 3348.592020
22 3387.882671
22 3446.703538
22 3492.573323
22 3557.697197
22 3631.555420
22 3702.751265
22 3757.103054
22 3828.617701
22 3891.284202
22 3917.169758
22 3984.656084
22 4046.510837
22 4134.546084
22 4182.832500
22 4253.536226
22 4303.579445
22 4357.805010
22 4410.395736
22 4474.663644
22 4540.654119
22 4602.786073
22 4678.684295
22 4773.194971
22 4822.695813
22 4860.849772
22 4934.164248
22 5001.359815
22 5044.329860
22 5087.135296
22 5162.470328
22 5212.882130
22 5267.301468
22 5303.442830
22 5353.701484
22 5402.353653
22 5476.885546
22 5510.605447
22 5575.223407
22 5639.193651
22 5719.625561
22 5785.042044
22 5874.341650
22 5921.670497
22 5959.194921
23 61.836082
23 126.977694
23 165.068478
23 230.025083
23 288.440937
23 348.229076
23 420.180338
23 487.124724
23 529.746052
23 618.069332
23 682.373146
23 747.439780
23 789.078341
23 856.743634
23 908.372018
23 996.995918
23 1071.818340
23 1153.427228
23 1235.500889
23 1290.736669
23 1377.171746
23 1442.293335
23 1487.026311
23 1554.649815
23 1618.989913
23 1680.439747
23 1714.411416
23 1780.255571
23 1845.354375
23 1906.167405
23 1959.245607
23 2008.730299
23 2079.087825
23 2117.719868
23 2177.142439
23 2254.405353
23 2315.915773
23 2380.904030
23 2407.278823
23 2460.573840
23 2533.458599
23 2621.569291
23 2672.818311
23 2750.968128
23 2779.079810
23 2835.568685
23 2864.565388
23 2912.193193
23 2968.674019
23 3026.869203
23 3089.820950
23 3162.746773
23 3209.074698
23 3258.488533
23 3342.769790
23 3432.181034
23 3465.397082
23 3542.034401
23 3603.687409
23 3644.761471
23 3712.391971
23 3750.667630
23 3829.933800
23 3894.270223
23 3915.949798
23 3987.175168
23 4044.268768
23 4120.641358
23 4171.628461
23 4254.324209
23 4273.175006
23 4360.252395
23 4390.178556
23 4477.639862
23 4563.504705
23 4632.355283
23 4720.411950
23 4793.583005
23 4853.820495
23 4936.927596
23 5006.622395
23 5018.460187
23 5063.366161
23 5125.123270
23 5181.390147
23 5250.711737
23 5328.142736
23 5369.926520
23 5414.806285
23 5445.781151
23 5511.656805
23 5542.397047
23 5580.618524
23 5663.812190
23 5742.926387
23 5790.589818
23 5850.675476
23 5892.757986
23 5936.932612
23 5991.159025
24 64.200363
24 146.130820
24 209.193798
24 249.192914
24 310.406341
24 346.188676
24 393.741003
24 430.145660
24 491.414832
24 584.287449
24 672.839348
24 721.325307
24 791.208507
24 812.243275
24 887.143169
24 941.329525
24 1014.775704
24 1053.435330
24 1072.259363
24 1122.081289
24 1154.938057
24 1204.593628
24 1256.888266
24 1316.639374
24 1370.939120
24 1445.431417
24 1468.169782
24 1515.835946
24 1583.633193
24 1660.607941
24 1709.304913
24 1796.571240
24 1852.201328
24 1891.216201
24 1987.104736
24 2024.224618
24 2094.605577
24 2144.235866
24 2190.283306
24 2215.545432
24 2255.546697
24 2300.976881
24 2349.163639
24 2378.437168
24 2438.380088
24 2510.642294
24 2535.095371
24 2619.543511
24 2695.197313
24 2754.104249
24 2830.896545
24 2889.052264
24 2957.849632
24 3033.433267
24 3101.536654
24 3150.186742
24 3200.932605
24 3280.896590
24 3325.198329
24 3401.159448
24 3466.962671
24 3506.320769
24 3550.237715
24 3599.991297
24 3684.458997
24 3723.584534
24 3756.821928
24 3828.730983
24 3890.986542
24 3915.117638
24 3984.672128
24 4037.809613
24 4121.420198
24 4136.789327
24 4173.108789
24 4237.877921
24 4322.758427
24 4377.039187
24 4415.903229
24 4506.003596
24 4564.443442
24 4646.928501
24 4715.972013
24 4771.714572
24 4794.895039
24 4857.392000
24 4903.913536
24 4965.272390
24 5043.342621
24 5115.224185
24 5161.536066
24 5236.888880
24 5316.531204
24 5380.052563
24 5397.644423
24 5447.127902
24 5547.739514
24 5638.664905
24 5668.556180
24 5738.522228
24 5827.385962
24 5876.365608
24 5946.190373
25 62.117415
25 106.458670
25 186.188216
25 253.579618
25 317.140893
25 349.530728
25 428.318216
25 466.210358
25 505.967198
25 541.283468
25 586.555435
25 635.492011
25 692.931485
25 738.843542
25 785.574951
25 869.505451
25 906.651886
25 974.421686
25 1018.612499
25 1070.432579
25 1112.497232
25 1175.728439
25 1205.742390
25 1250.318159
25 1298.227878
25 1349.089570
25 1373.731386
25 1452.730699
25 1513.831157
25 1554.798734
25 1608.562653
25 1712.854466
25 1770.083099
25 1818.729893
25 1871.067170
25 1958.140155
25 2021.034707
25 2083.240246
25 2149.815772
25 2217.117970
25 2278.918894
25 2309.546187
25 2379.798913
25 2437.752780
25 2518.945423
25 2580.195980
25 2643.908855
25 2691.851618
25 2776.619910
25 2837.812579
25 2890.926312
25 2940.087076
25 3005.975688
25 3075.785055
25 3112.852320
25 3172.504815
25 3200.187651
25 3260.411211
25 3316.883052
25 3406.848566
25 3464.858309
25 3570.700044
25 3635.930929
25 3701.927374
25 3773.308373
25 3831.528950
25 3867.025781
25 3952.784684
25 3979.748267
25 4055.517434
25 4141.247572
25 4237.355138
25 4304.649053
25 4358.407358
25 4391.069484
25 4490.164924
25 4558.101126
25 4600.800115
25 4627.192091
25 4704.849327
25 4762.660819
25 4836.208923
25 4861.210796
25 4936.496478
25 5013.015165
25 5071.856104
25 5165.319833
25 5184.203529
25 5254.461531
25 5312.235988
25 5371.421952
25 5415.558363
25 5484.619432
25 5543.845086
25 5576.161176
25 5636.327876
25 5730.986370
25 5794.481493
25 5844.558375
25 5878.879238
25 5924.837073
25 5982.351809
26 62.068379
26 128.469453
26 199.906577
26 297.061211
26 352.632849
26 391.601626
26 469.351817
26 526.729769
26 578.326947
26 661.873001
26 741.549706
26 786.283344
26 838.650907
26 914.095084
26 935.629367
26 1016.885110
26 1053.616079
26 1127.366077
26 1194.017396
26 1259.380659
26 1281.797053
26 1370.804532
26 1403.576611
26 1463.820684
26 1524.961249
26 1567.027765
26 1619.452261
26 1685.048561
26 1764.530211
26 1830.509633
26 1849.237161
26 1912.285116
26 1942.204775
26 1992.989943
26 2010.976324
26 2072.195678
26 2145.047493
26 2256.126936
26 2301.047112
26 2356.210760
26 2421.593421
26 2545.294960
26 2602.270963
26 2645.540344
26 2736.721843
26 2816.096350
26 2873.356506
26 2940.840138
26 3002.252505
26 3048.690395
26 3099.020325
26 3149.375386
26 3232.257329
26 3260.037540
26 3315.488348
26 3339.039971
26 3440.300805
26 3489.894196
26 3551.890314
26 3628.727636
26 3642.218616
26 3780.434652
26 3852.977651
26 3893.848152
26 3999.403560
26 4055.690888
26 4122.425847
26 4165.610506
26 4253.173237
26 4275.318179
26 4323.223130
26 4374.174576
26 4396.643709
26 4447.651719
26 4498.794283
26 4589.923353
26 4649.534282
26 4738.292394
26 4757.387230
26 4821.762630
26 4886.884155
26 4964.510991
26 5015.726151
26 5079.493937
26 5153.365777
26 5172.462366
26 5245.126625
26 5295.576009
26 5339.015200
26 5410.412866
26 5477.124751
26 5556.206084
26 5637.601796
26 5718.644218
26 5803.554370
26 5891.563204
26 5934.154000
26 5983.808814
27 33.523975
27 90.640690
27 154.868853
27 247.112716
27 277.949041
27 390.012811
27 411.945191
27 513.904929
27 569.449707
27 607.530266
27 688.502793
27 764.747804
27 815.813741
27 871.461911
27 898.508699
27 974.576656
27 1035.028305
27 1111.768006
27 1155.356783
27 1203.191362
27 1278.848938
27 1374.456624
27 1449.065159
27 1493.684184
27 1555.062197
27 1634.751177
27 1699.623475
27 1785.693147
27 1808.241344
27 1885.612413
27 1917.085537
27 2002.095739
27 2052.474522
27 2145.549632
27 2213.042391
27 2270.583464
27 2344.885175
27 2390.035440
27 2424.614722
27 2496.867325
27 2517.861077
27 2578.641492
27 2644.503407
27 2673.720849
27 2739.106966
27 2783.698168
27 2855.471955
27 2939.207091
27 2965.163234
27 3037.610835
27 3130.002584
27 3213.124001
27 3256.767936
27 3315.835370
27 3353.614655
27 3426.293938
27 3519.714870
27 3602.677582
27 3664.058464
27 3712.909099
27 3775.218238
27 3828.860658
27 3868.753187
27 3949.366312
27 3978.885614
27 4121.076064
27 4179.233372
27 4234.904975
27 4307.161628
27 4377.012944
27 4452.653777
27 4505.010045
27 4590.434018
27 4604.972912
27 4669.984865
27 4729.230456
27 4754.254371
27 4844.375262
27 4888.634183
27 4933.007658
27 5017.336086
27 5065.561909
27 5155.956191
27 5197.133181
27 5237.647576
27 5318.167783
27 5395.482872
27 5476.521417
27 5546.593927
27 5664.047475
27 5724.722275
27 5760.316627
27 5820.483222
27 5866.633771
27 5922.161303
27 5958.228827
28 31.217565
28 54.058335
28 110.328845
28 177.267058
28 249.266989
28 320.223253
28 378.031738
28 456.571569
28 499.251189
28 568.225147
28 612.849112
28 668.913192
28 728.031318
28 807.191664
28 868.862962
28 929.167794
28 1000.392752
28 1055.334635
28 1133.789325
28 1204.065222
28 1240.597817
28 1257.388347
28 1332.031377
28 1389.262208
28 1462.257510
28 1498.302550
28 1567.960689
28 1613.696057
28 1682.950674
28 1765.117034
28 1815.471064
28 1849.290062
28 1865.646894
28 1967.707545
28 2011.291100
28 2097.891748
28 2164.836872
28 2232.200926
28 2285.504202
28 2364.070765
28 2415.174529
28 2458.585141
28 2497.551524
28 2562.377832
28 2626.561109
28 2669.642340
28 2732.525850
28 2831.763504
28 2912.661849
28 2993.175214
28 3036.174312
28 3106.024453
28 3177.786577
28 3259.634723
28 3287.559576
28 3322.462436
28 3373.665216
28 3424.782045
28 3509.606824
28 3553.649697
28 3643.987146
28 3726.827877
28 3796.739571
28 3904.679744
28 3976.595434
28 4032.877364
28 4081.953489
28 4157.491962
28 4217.143017
28 4250.699784
28 4307.199846
28 4371.770676
28 4478.124297
28 4497.547706
28 4565.341132
28 4633.951860
28 4697.502781
28 4799.215987
28 4854.728954
28 4932.406452
28 4991.367483
28 5084.516140
28 5130.745083
28 5235.381280
28 5294.582371
28 5368.969740
28 5444.232022
28 5476.543672
28 5542.413871
28 5581.402730
28 5685.879556
28 5762.826710
28 5817.661488
28 5848.998869
28 5889.631166
28 5937.523842
29 46.544394
29 118.921836
29 165.969461
29 213.655054
29 246.331531
29 318.197824
29 390.268298
29 422.902810
29 493.038222
29 513.320320
29 601.262106
29 690.331737
29 726.368678
29 768.301305
29 810.684613
29 896.661265
29 979.082607
29 1058.972600
29 1111.290804
29 1153.026873
29 1203.867044
29 1258.101511
29 1328.829559
29 1410.485008
29 1497.819401
29 1564.399946
29 1620.253714
29 1662.766775
29 1753.155695
29 1796.947313
29 1888.178951
29 1942.350969
29 1994.267926
29 2053.015119
29 2147.222752
29 2215.030259
29 2259.527350
29 2334.877756
29 2389.527555
29 2435.103982
29 2510.117394
29 2549.156790
29 2612.535071
29 2671.565514
29 2726.664565
29 2764.541477
29 2815.879091
29 2889.332805
29 2927.422565
29 2974.183960
29 3058.594933
29 3126.375639
29 3173.718164
29 3234.281756
29 3298.055056
29 3368.895395
29 3432.709505
29 3488.646558
29 3554.865372
29 3599.798194
29 3667.526215
29 3723.310301
29 3759.392430
29 3823.622983
29 3862.751423
29 3952.376558
29 4003.201213
29 4073.732074
29 4148.055537
29 4213.705201
29 4255.421614
29 4318.801107
29 4342.118173
29 4414.894024
29 4478.433753
29 4528.122572
29 4608.317756
29 4679.955901
29 4737.171634
29 4787.275595
29 4857.818097
29 4937.344302
29 4999.364340
29 5059.179282
29 5131.983843
29 5192.285243
29 5267.397804
29 5317.976183
29 5394.958618
29 5486.108041
29 5549.138667
29 5607.804116
29 5638.105139
29 5716.473330
29 5789.655303
29 5849.796576
29 5919.610416
29 5981.737716
30 109.781027
30 185.366913
30 211.777268
30 278.877448
30 354.029153
30 409.662086
30 426.261058
30 490.163993
30 584.183734
30 664.139306
30 667.781642
30 726.175663
30 823.336816
30 861.765276
30 911.500547
30 977.827774
30 1022.244756
30 1091.084520
30 1152.322299
30 1191.310928
30 1243.436654
30 1300.806050
30 1349.548037
30 1405.146832
30 1469.059152
30 1527.216195
30 1603.977705
30 1700.651813
30 1743.775401
30 1797.851955
30 1848.726705
30 1866.562451
30 1957.228208
30 2023.032578
30 2069.217853
30 2121.258834
30 2178.404051
30 2216.110152
30 2244.638919
30 2297.826020
30 2371.514177
30 2407.092774
30 2492.185584
30 2542.494007
30 2600.897043
30 2684.839495
30 2756.345736
30 2830.862678
30 2909.935095
30 2977.854315
30 3032.802589
30 3075.334120
30 3148.803402
30 3214.241203
30 3236.265368
30 3328.581112
30 3395.217721
30 3474.760348
30 3529.090195
30 3594.695870
30 3644.040840
30 3756.279087
30 3803.418828
30 3891.423979
30 3969.700337
30 4005.076467
30 4092.304302
30 4175.654914
30 4220.909905
30 4295.612363
30 4381.454940
30 4427.763233
30 4468.631805
30 4540.919477
30 4602.057625
30 4677.866128
30 4731.807518
30 4782.098972
30 4854.861956
30 4933.923489
30 5005.333510
30 5059.246827
30 5113.407905
30 5222.985638
30 5270.963646
30 5332.322340
30 5435.407598
30 5471.443753
30 5564.639355
30 5624.855024
30 5693.282343
30 5792.676809
30 5849.497193
30 5897.803198
30 5983.575194
31 60.940303
31 113.275793
31 228.066958
31 260.548055
31 348.899860
31 391.998764
31 475.750385
31 546.128899
31 605.337043
31 650.519364
31 688.759118
31 778.218303
31 844.989040
31 909.827789
31 997.139295
31 1085.517833
31 1133.782370
31 1152.295833
31 1258.697890
31 1349.155125
31 1408.402126
31 1433.592100
31 1495.528046
31 1563.987259
31 1621.147880
31 1682.396256
31 1762.046288
31 1826.485971
31 1849.578860
31 1882.326503
31 1931.541162
31 1977.506429
31 2009.481909
31 2055.109188
31 2123.453578
31 2167.528609
31 2215.616661
31 2294.532211
31 2340.521936
31 2424.486442
31 2457.835913
31 2536.287523
31 2594.207342
31 2678.972788
31 2715.995805
31 2777.395773
31 2852.714360
31 2908.564143
31 2991.817335
31 3021.065618
31 3091.608357
31 3157.635519
31 3201.407252
31 3271.997665
31 3326.420704
31 3373.944570
31 3468.430103
31 3547.992125
31 3599.265475
31 3678.134873
31 3751.560541
31 3818.490618
31 3869.198358
31 3919.243704
31 3974.111923
31 4054.771517
31 4174.946377
31 4252.368860
31 4272.345817
31 4324.228237
31 4356.239312
31 4448.190459
31 4501.511101
31 4526.270808
31 4590.121874
31 4631.790989
31 4674.404778
31 4731.854940
31 4797.143938
31 4850.279737
31 4915.279048
31 4966.173652
31 5028.436233
31 5110.808315
31 5134.825754
31 5212.737189
31 5267.439588
31 5325.677796
31 5397.656071
31 5478.686791
31 5511.320756
31 5536.101994
31 5635.903135
31 5669.204631
31 5718.461059
31 5767.173615
31 5843.356681
31 5923.358695
31 5974.507989
32 49.549661
32 146.940409
32 228.873386
32 277.575153
32 370.748885
32 441.016289
32 502.711898
32 528.415727
32 633.712362
32 672.421459
32 745.955000
32 809.363444
32 886.874049
32 948.968458
32 973.922050
32 1036.249168
32 1117.887366
32 1176.120294
32 1283.784823
32 1351.006110
32 1421.734620
32 1517.155207
32 1568.633469
32 1616.026569
32 1678.201663
32 1742.588812
32 1794.976723
32 1865.790706
32 1921.890501
32 1982.144119
32 2039.171355
32 2113.646322
32 2163.879554
32 2243.723516
32 2323.546512
32 2339.564561
32 2390.773773
32 2423.122704
32 2475.240059
32 2531.510516
32 2605.941031
32 2707.809539
32 2784.670719
32 2856.385729
32 2912.930110
32 3001.065401
32 3098.904386
32 3177.842897
32 3257.095976
32 3302.228885
32 3401.802390
32 3467.024928
32 3493.316240
32 3553.655363
32 3599.853085
32 3663.626640
32 3725.075348
32 3802.965741
32 3895.723991
32 3947.094105
32 3975.591439
32 4091.808594
32 4175.452705
32 4253.841227
32 4301.474016
32 4373.795798
32 4451.242436
32 4484.552799
32 4545.771767
32 4605.417275
32 4668.881563
32 4734.408431
32 4821.881841
32 4890.807702
32 5000.777709
32 5026.640031
32 5100.550195
32 5178.372578
32 5237.535631
32 5290.401315
32 5332.902710
32 5396.550561
32 5481.453224
32 5509.561296
32 5599.642958
32 5628.844283
32 5659.157969
32 5720.388722
32 5815.221701
32 5922.466339
32 5949.059515
33 92.012819
33 187.680812
33 243.357248
33 314.632127
33 375.350073
33 439.744789
33 506.882999
33 583.802684
33 692.426050
33 750.296605
33 842.350600
33 893.314205
33 975.740524
33 1042.013964
33 1106.184861
33 1166.849592
33 1255.175452
33 1341.245605
33 1426.523175
33 1517.866096
33 1570.538004
33 1613.434587
33 1678.369163
33 1724.062633
33 1767.743864
33 1819.162447
33 1878.510378
33 1945.799720
33 1986.893411
33 2055.659581
33 2092.946991
33 2179.477062
33 2257.768857
33 2340.166593
33 2388.499356
33 2437.095363
33 2461.827054
33 2554.917046
33 2627.633659
33 2669.292541
33 2713.637158
33 2755.845407
33 2814.367965
33 2872.548365
33 2889.429679
33 2939.605209
33 2968.929134
33 3029.099929
33 3109.624534
33 3172.966631
33 3250.720629
33 3323.426032
33 3375.780025
33 3406.145404
33 3491.255299
33 3534.132738
33 3626.350651
33 3705.801858
33 3716.084568
33 3794.062165
33 3851.115611
33 3919.192869
33 3958.412906
33 4055.106131
33 4153.685430
33 4254.867379
33 4344.340881
33 4415.933298
33 4481.059106
33 4542.027399
33 4590.130124
33 4678.786400
33 4731.451707
33 4758.606299
33 4813.792682
33 4868.311527
33 4960.870888
33 5021.085425
33 5074.257062
33 5114.731548
33 5166.570855
33 5234.661380
33 5329.967657
33 5345.490928
33 5395.224589
33 5454.411767
33 5533.973943
33 5620.291905
33 5700.310787
33 5717.715446
33 5789.202219
33 5844.496701
33 5914.948116
33 5983.448519
34 60.359344
34 109.285295
34 177.346859
34 232.846366
34 321.013894
34 348.546593
34 391.812580
34 520.356200
34 604.965102
34 673.217097
34 699.924008
34 784.025021
34 856.303023
34 899.229532
34 955.064790
34 1017.532698
34 1064.528252
34 1074.425409
34 1155.088001
34 1210.484075
34 1253.201290
34 1298.600525
34 1376.470627
34 1407.929207
34 1463.546258
34 1525.469589
34 1613.795497
34 1654.676752
34 1727.122785
34 1820.174863
34 1849.345038
34 1915.479236
34 2000.902003
34 2046.082170
34 2111.561267
34 2167.308968
34 2258.522310
34 2334.176988
34 2392.719402
34 2454.058799
34 2491.479329
34 2546.387959
34 2582.419850
34 2629.437497
34 2667.365430
34 2752.421865
34 2827.492489
34 2907.070665
34 2988.834449
34 3022.126075
34 3074.628609
34 3133.411790
34 3178.175366
34 3237.180330
34 3316.593347
34 3372.571600
34 3448.647253
34 3518.556250
34 3569.836788
34 3601.624576
34 3657.276840
34 3700.780979
34 3759.619082
34 3803.117306
34 3862.723260
34 3951.216389
34 4013.529270
34 4074.336351
34 4124.003307
34 4172.209605
34 4267.300387
34 4322.004075
34 4395.497339
34 4402.872955
34 4477.607523
34 4539.923986
34 4610.803550
34 4676.101032
34 4731.714113
34 4826.184731
34 4868.603454
34 4901.612014
34 4962.694585
34 5021.318632
34 5132.702765
34 5202.751964
34 5241.623596
34 5340.365417
34 5408.980198
34 5446.519952
34 5514.775197
34 5582.103595
34 5636.644590
34 5683.571907
34 5760.945130
34 5823.817385
34 5875.376046
34 5952.541882
35 84.983976
35 184.320547
35 243.516474
35 311.992635
35 356.231556
35 464.026065
35 529.244646
35 614.743333
35 681.500185
35 764.331666
35 784.289974
35 889.593998
35 958.310348
35 998.256687
35 1111.846694
35 1182.266723
35 1204.459122
35 1285.394934
35 1329.968866
35 1411.314078
35 1460.161302
35 1528.469465
35 1570.500871
35 1652.335314
35 1710.269403
35 1759.776688
35 1817.748146
35 1858.359080
35 1932.717176
35 2004.500802
35 2067.194182
35 2120.428160
35 2189.955551
35 2241.716734
35 2328.369493
35 2402.285758
35 2463.917601
35 2517.400569
35 2553.267263
35 2633.249653
35 2699.685015
35 2764.466331
35 2814.357751
35 2892.231679
35 2941.277122
35 3011.097504
35 3036.506926
35 3074.775194
35 3107.693535
35 3200.147412
35 3296.271156
35 3353.253265
35 3405.426929
35 3504.072892
35 3575.811800
35 3643.844835
35 3681.858855
35 3736.376570
35 3820.889173
35 3863.629250
35 3930.922031
35 3989.503916
35 4064.981588
35 4155.592467
35 4220.570328
35 4271.220169
35 4320.724808
35 4433.454818
35 4506.606287
35 4561.412603
35 4605.808984
35 4702.287918
35 4775.840115
35 4860.144960
35 4915.762023
35 4994.127025
35 5080.223654
35 5154.686005
35 5214.432273
35 5297.455161
35 5348.544514
35 5446.942397
35 5533.905953
35 5611.336573
35 5618.817363
35 5669.376909
35 5745.027380
35 5845.947762
35 5936.870872
35 5982.835540
36 102.840584
36 204.762339
36 276.040176
36 341.000636
36 426.167656
36 504.992884
36 574.144117
36 628.764616
36 672.786900
36 764.805554
36 812.330464
36 847.871861
36 870.066332
36 944.427657
36 997.636941
36 1074.137203
36 1104.510711
36 1187.877208
36 1258.697287
36 1317.819939
36 1408.707366
36 1475.822637
36 1566.475558
36 1584.596561
36 1659.632184
36 1707.644701
36 1748.145086
36 1801.657880
36 1878.805926
36 1956.269509
36 1997.792392
36 2054.696255
36 2142.116222
36 2256.420849
36 2341.002706
36 2427.850611
36 2518.704511
36 2610.023021
36 2679.435521
36 2742.350847
36 2811.214906
36 2888.865332
36 2969.853647
36 3052.218917
36 3136.084399
36 3216.849389
36 3316.588012
36 3384.593218
36 3444.594371
36 3570.822343
36 3669.806645
36 3744.069178
36 3782.787543
36 3830.941687
36 3899.784263
36 3979.667901
36 4071.655339
36 4146.281856
36 4198.741496
36 4235.950077
36 4341.235562
36 4407.039552
36 4453.750875
36 4523.778884
36 4629.574920
36 4669.293465
36 4721.019913
36 4797.390511
36 4880.190309
36 4965.482228
36 5024.641528
36 5114.343293
36 5190.517843
36 5269.170721
36 5340.913926
36 5421.749355
36 5479.132805
36 5545.655560
36 5639.147492
36 5708.747751
36 5758.991137
36 5817.968251
36 5906.334151
36 5965.229862
36 5984.371920
37 61.484989
37 142.297968
37 226.738382
37 279.058056
37 361.370120
37 443.865988
37 528.567636
37 586.561767
37 636.400564
37 686.000532
37 764.550384
37 824.047795
37 870.010876
37 884.483516
37 972.776683
37 1024.789538
37 1071.956263
37 1154.300090
37 1257.178664
37 1307.532680
37 1406.366644
37 1493.894170
37 1591.477602
37 1663.627652
37 1749.409748
37 1801.926913
37 1878.933003
37 1949.972779
37 2022.301396
37 2079.945035
37 2111.563424
37 2137.679065
37 2178.467832
37 2245.509376
37 2299.413386
37 2377.343080
37 2402.798709
37 2463.363293
37 2513.027767
37 2579.717261
37 2611.466044
37 2645.347990
37 2725.157557
37 2810.669273
37 2884.376893
37 2965.944424
37 3025.842654
37 3116.691346
37 3163.952073
37 3228.542978
37 3290.078738
37 3370.735251
37 3442.270380
37 3465.975286
37 3566.821289
37 3601.473754
37 3646.281877
37 3714.031532
37 3803.172090
37 3818.996554
37 3886.965309
37 3918.041379
37 3939.573152
37 3986.699881
37 4049.714082
37 4108.145298
37 4155.338352
37 4199.529285
37 4254.402336
37 4294.178229
37 4340.193929
37 4452.540520
37 4486.758485
37 4541.900950
37 4609.737271
37 4656.396100
37 4732.517586
37 4799.247902
37 4859.239413
37 4966.737627
37 5040.446910
37 5102.735820
37 5129.863610
37 5191.716479
37 5271.561993
37 5302.268052
37 5356.914677
37 5437.055205
37 5479.763334
37 5512.160781
37 5589.643437
37 5605.222686
37 5709.285936
37 5743.746295
37 5787.723744
37 5816.545458
37 5906.132320
37 5925.393502
38 28.936780
38 89.625783
38 155.924888
38 209.117664
38 297.077659
38 392.931727
38 455.599261
38 528.272005
38 584.271425
38 636.565174
38 669.374725
38 756.242289
38 825.864479
38 909.792245
38 934.608296
38 1017.781499
38 1134.914499
38 1210.443335
38 1273.492523
38 1315.614419
38 1381.887027
38 1407.515240
38 1495.916425
38 1589.685131
38 1664.234887
38 1747.207689
38 1810.333207
38 1849.453625
38 1941.943381
38 1985.011249
38 2042.481404
38 2073.174668
38 2168.127060
38 2212.715628
38 2270.776612
38 2298.619409
38 2332.740123
38 2422.841189
38 2492.948469
38 2576.629829
38 2693.247475
38 2753.327125
38 2847.017547
38 2966.769226
38 2990.790363
38 3010.795545
38 3084.326765
38 3150.260428
38 3229.101130
38 3283.343672
38 3371.354519
38 3423.376892
38 3462.931081
38 3569.253766
38 3600.014800
38 3684.633057
38 3782.097831
38 3828.969053
38 3917.825117
38 4006.002178
38 4081.419239
38 4171.783875
38 4216.231198
38 4261.069434
38 4320.132473
38 4418.609465
38 4446.748454
38 4492.666931
38 4558.517000
38 4678.081551
38 4757.894555
38 4889.960293
38 4936.571811
38 5027.956537
38 5102.663954
38 5156.945597
38 5191.116172
38 5290.179415
38 5369.665973
38 5417.166933
38 5480.867376
38 5539.849625
38 5584.362946
38 5715.807682
38 5761.446174
38 5875.666974
38 5977.582760
39 33.340731
39 136.486274
39 218.234524
39 298.650535
39 391.447273
39 442.874273
39 492.248668
39 585.529793
39 687.631582
39 775.951186
39 877.535404
39 920.815345
39 996.762776
39 1055.957272
39 1152.092048
39 1207.115191
39 1253.655449
39 1348.650846
39 1407.226472
39 1517.614442
39 1582.818528
39 1678.441961
39 1729.167101
39 1856.402741
39 1956.079028
39 2010.268295
39 2071.197575
39 2146.965611
39 2178.068251
39 2259.270378
39 2300.764952
39 2390.283512
39 2436.650617
39 2518.172151
39 2556.657603
39 2607.633799
39 2693.543018
39 2775.366877
39 2833.152448
39 2889.381577
39 2937.870445
39 2980.375797
39 3083.828220
39 3175.632767
39 3256.821858
39 3317.480857
39 3368.129179
39 3466.485256
39 3518.409097
39 3601.914553
39 3662.850445
39 3723.602281
39 3827.678052
39 3846.122564
39 3889.628088
39 3917.497453
39 3980.057090
39 4033.206598
39 4173.375413
39 4203.005453
39 4279.205668
39 4319.928869
39 4425.367477
39 4477.179407
39 4547.413793
39 4656.901981
39 4683.419782
39 4775.186238
39 4860.661453
39 4890.581712
39 4933.662594
39 4997.723902
39 5070.166270
39 5163.991842
39 5231.915773
39 5306.171521
39 5384.936250
39 5440.260915
39 5479.703317
39 5528.196797
39 5587.460891
39 5663.659536
39 5710.460526
39 5769.823117
39 5851.234273
39 5923.787919
39 5981.272542
40 87.493931
40 214.507078
40 291.399564
40 424.968697
40 507.304861
40 603.608299
40 670.230645
40 723.970276
40 763.487071
40 806.939745
40 868.074325
40 935.792479
40 980.224139
40 995.706218
40 1085.732433
40 1155.625491
40 1176.969577
40 1254.790608
40 1333.852517
40 1372.154172
40 1461.897186
40 1496.912316
40 1554.706715
40 1636.246453
40 1695.003086
40 1771.860122
40 1848.939054
40 1939.945946
40 2024.013675
40 2076.490618
40 2127.863058
40 2187.458695
40 2257.563443
40 2348.180570
40 2405.381159
40 2477.817671
40 2554.768865
40 2644.213061
40 2689.414921
40 2774.533114
40 2833.054201
40 2873.648551
40 2941.042837
40 3041.297428
40 3150.536853
40 3238.226448
40 3311.793491
40 3371.303082
40 3465.157181
40 3547.343504
40 3624.166166
40 3702.411828
40 3773.206617
40 3864.997927
40 3917.231241
40 3995.652889
40 4034.655416
40 4136.669681
40 4182.293026
40 4216.843995
40 4254.413450
40 4353.121859
40 4383.754092
40 4456.296650
40 4506.296436
40 4604.673946
40 4641.341143
40 4714.216277
40 4822.250521
40 4882.751180
40 4957.571864
40 5081.326072
40 5133.806641
40 5215.335121
40 5270.729102
40 5311.042636
40 5368.136719
40 5436.896200
40 5507.562471
40 5543.998658
40 5639.393785
40 5748.581809
40 5825.903171
40 5902.995953
40 5984.214507
41 79.986505
41 179.886679
41 249.445623
41 304.960828
41 392.308688
41 450.486763
41 533.977064
41 653.565591
41 746.521528
41 806.885617
41 899.800709
41 953.986603
41 1040.475029
41 1074.359070
41 1153.029276
41 1207.341054
41 1339.903033
41 1453.081602
41 1494.573132
41 1563.387044
41 1679.817028
41 1747.346487
41 1801.383427
41 1879.373337
41 1914.819275
41 1974.702974
41 2034.868202
41 2094.971654
41 2214.939728
41 2257.526520
41 2348.288878
41 2383.664549
41 2432.487848
41 2494.681608
41 2584.512042
41 2679.329262
41 2752.266782
41 2787.931180
41 2854.876423
41 2939.642831
41 3003.301271
41 3060.865366
41 3172.547609
41 3233.356110
41 3327.014782
41 3397.905839
41 3506.652761
41 3523.345821
41 3596.016318
41 3682.121605
41 3726.472322
41 3803.682328
41 3830.522505
41 3915.247640
41 3994.863109
41 4088.139486
41 4182.937862
41 4258.280934
41 4340.937604
41 4388.788129
41 4456.279515
41 4563.000806
41 4629.347889
41 4697.649520
41 4766.540322
41 4821.109381
41 4933.617018
41 5031.328033
41 5096.084607
41 5176.464070
41 5214.448315
41 5272.322276
41 5354.311021
41 5445.994893
41 5510.599944
41 5578.997602
41 5635.570401
41 5719.078776
41 5795.144632
41 5883.203573
41 5916.390449
42 112.215048
42 170.293385
42 248.317944
42 293.642681
42 348.379921
42 421.098908
42 472.580606
42 534.265235
42 633.081991
42 671.028865
42 763.165361
42 867.804740
42 921.990670
42 979.242582
42 1074.177607
42 1180.489983
42 1230.016947
42 1290.610231
42 1391.649045
42 1460.228407
42 1495.238380
42 1563.505303
42 1604.628822
42 1636.266420
42 1701.138330
42 1779.670919
42 1846.972615
42 1913.939697
42 1972.956752
42 2054.960827
42 2116.051761
42 2170.006618
42 2262.702523
42 2345.618409
42 2402.472611
42 2491.192464
42 2549.247533
42 2580.062918
42 2683.126567
42 2785.147511
42 2866.823182
42 2934.487295
42 3002.212318
42 3114.986203
42 3195.168252
42 3280.220488
42 3318.589281
42 3373.714387
42 3461.997681
42 3574.770660
42 3664.174641
42 3758.559782
42 3769.421367
42 3830.590326
42 3905.786365
42 3931.091505
42 4032.324611
42 4157.058015
42 4177.067647
42 4273.460561
42 4337.831773
42 4455.687116
42 4506.505048
42 4584.094459
42 4645.549919
42 4673.722649
42 4762.737609
42 4826.239786
42 4904.343844
42 4937.688219
42 4963.502306
42 5021.099828
42 5111.933657
42 5191.682877
42 5270.411329
42 5323.704506
42 5449.784206
42 5510.533037
42 5550.487618
42 5620.462185
42 5698.032616
42 5764.803044
42 5849.066520
42 5887.195346
42 5977.321830
43 73.097911
43 154.364506
43 201.747863
43 292.537987
43 426.725186
43 493.993604
43 569.156663
43 634.194447
43 722.756243
43 821.450380
43 924.003886
43 1007.938756
43 1082.967580
43 1200.748887
43 1292.382462
43 1375.333932
43 1458.967582
43 1532.671065
43 1606.894103
43 1658.231993
43 1739.077236
43 1812.457018
43 1883.842203
43 1973.917993
43 2056.137488
43 2115.477462
43 2185.044825
43 2240.679350
43 2334.497532
43 2405.541560
43 2512.373422
43 2628.504022
43 2679.673417
43 2763.661830
43 2830.930348
43 2943.957674
43 3022.668752
43 3110.394063
43 3164.053055
43 3261.164661
43 3369.886498
43 3432.666295
43 3468.023183
43 3557.206642
43 3643.991036
43 3752.582164
43 3807.459794
43 3903.695697
43 3938.394838
43 4005.083733
43 4062.147073
43 4125.692392
43 4177.421542
43 4265.682528
43 4321.632691
43 4381.255189
43 4451.326141
43 4533.356272
43 4604.208489
43 4643.461558
43 4729.362423
43 4780.188872
43 4860.391715
43 4932.327411
43 5022.784118
43 5103.384156
43 5211.650253
43 5293.310485
43 5362.211923
43 5421.916688
43 5472.966977
43 5535.447937
43 5571.583693
43 5681.184143
43 5762.354072
43 5805.186799
43 5850.327513
43 5917.431432
44 113.333307
44 174.150686
44 227.494732
44 291.286581
44 331.732029
44 393.639758
44 412.724716
44 447.167483
44 509.241103
44 588.489368
44 679.270069
44 722.535540
44 785.602419
44 843.765736
44 938.080458
44 993.526836
44 1045.569673
44 1082.473500
44 1168.837474
44 1251.357997
44 1330.847030
44 1389.851399
44 1409.738151
44 1488.850058
44 1545.271265
44 1635.018051
44 1707.287550
44 1777.975492
44 1880.407529
44 1910.302313
44 2019.948843
44 2080.302861
44 2162.326503
44 2242.722623
44 2376.563101
44 2435.448558
44 2510.618024
44 2595.746887
44 2645.586732
44 2730.092494
44 2773.752945
44 2848.724959
44 2925.397768
44 3009.694987
44 3075.343009
44 3142.359067
44 3255.425508
44 3351.822649
44 3407.803816
44 3467.677673
44 3554.000841
44 3663.723699
44 3724.762950
44 3810.192036
44 3864.786319
44 3929.880030
44 3970.876476
44 4054.210584
44 4145.699504
44 4195.021665
44 4303.123748
44 4320.991593
44 4416.258444
44 4475.265508
44 4561.483607
44 4648.841456
44 4730.979002
44 4807.523565
44 4891.759238
44 4993.984723
44 5025.447332
44 5097.306412
44 5152.724482
44 5189.695542
44 5237.916264
44 5274.361470
44 5336.258400
44 5421.618821
44 5521.500805
44 5620.943114
44 5660.290257
44 5757.151190
44 5879.555579
44 5938.034649
45 88.852760
45 172.283667
45 250.572216
45 323.172775
45 393.250751
45 468.906775
45 554.549466
45 627.778966
45 680.312299
45 745.201804
45 786.063843
45 884.677686
45 976.190827
45 1057.549285
45 1132.680625
45 1183.236141
45 1256.616831
45 1348.980946
45 1420.698840
45 1520.781135
45 1566.736618
45 1635.090519
45 1704.903895
45 1737.189691
45 1781.760329
45 1823.729307
45 1897.407228
45 1939.792709
45 2021.673034
45 2146.350535
45 2214.522009
45 2272.216041
45 2320.484709
45 2412.798018
45 2521.711645
45 2610.271613
45 2689.789311
45 2746.590467
45 2832.478067
45 2890.854278
45 2942.128527
45 3019.286729
45 3058.079806
45 3093.412634
45 3147.736756
45 3221.138713
45 3319.157228
45 3370.590478
45 3466.258282
45 3519.277937
45 3600.563959
45 3714.048553
45 3803.777889
45 3891.620044
45 3980.943755
45 4026.953569
45 4123.186247
45 4193.961478
45 4236.704321
45 4323.092005
45 4398.180552
45 4483.355752
45 4560.769020
45 4599.588977
45 4686.209443
45 4730.148212
45 4858.061240
45 4961.428397
45 5019.398464
45 5113.590794
45 5190.312156
45 5257.662840
45 5355.383862
45 5445.931801
45 5546.003873
45 5684.063558
45 5790.539050
45 5925.598751
45 5982.778106
46 104.021405
46 125.401329
46 212.183547
46 293.394703
46 354.121822
46 476.038362
46 565.243988
46 632.761713
46 685.727401
46 773.550663
46 843.116217
46 906.165520
46 973.766836
46 1042.999913
46 1131.191948
46 1199.740737
46 1285.266861
46 1369.459629
46 1407.069537
46 1494.525108
46 1523.382734
46 1591.013787
46 1703.258501
46 1746.561824
46 1794.918213
46 1907.095194
46 1998.167408
46 2023.365867
46 2093.299357
46 2164.365046
46 2241.777122
46 2309.444177
46 2396.562181
46 2494.208561
46 2571.893510
46 2681.415990
46 2754.492654
46 2857.419796
46 2938.735763
46 3008.275658
46 3074.376225
46 3139.791197
46 3236.158934
46 3299.256920
46 3405.119415
46 3417.523413
46 3502.869817
46 3574.013735
46 3667.191594
46 3774.978239
46 3847.220569
46 3916.410895
46 3973.263713
46 4015.890175
46 4126.896364
46 4171.180692
46 4271.385710
46 4377.374881
46 4453.888224
46 4527.979787
46 4607.541774
46 4695.958165
46 4761.341273
46 4844.062516
46 4918.863208
46 4995.048477
46 5085.996687
46 5134.020985
46 5184.820959
46 5238.934449
46 5305.551784
46 5354.655806
46 5441.966069
46 5510.288611
46 5570.551933
46 5652.253765
46 5730.195431
46 5848.583174
46 5933.053918
46 5996.451894
47 85.864167
47 151.426613
47 211.737257
47 290.782697
47 355.839695
47 442.516201
47 509.390214
47 616.386867
47 634.495624
47 722.807106
47 787.905985
47 908.286992
47 974.407384
47 1084.240929
47 1177.334965
47 1271.484035
47 1347.776479
47 1449.060878
47 1536.781366
47 1627.723411
47 1708.648823
47 1768.732293
47 1848.232339
47 1951.135150
47 2054.659861
47 2122.758797
47 2168.285482
47 2269.709927
47 2348.383495
47 2438.903005
47 2516.240873
47 2581.650675
47 2672.921010
47 2786.218765
47 2863.385070
47 2921.942388
47 2987.929708
47 3041.070688
47 3127.239952
47 3200.069520
47 3293.274602
47 3407.927792
47 3491.435505
47 3568.626679
47 3643.039756
47 3667.390960
47 3711.286167
47 3817.861872
47 3950.337728
47 4034.565330
47 4137.467669
47 4216.790582
47 4293.744008
47 4358.790497
47 4415.542561
47 4505.131770
47 4565.063082
47 4603.826369
47 4702.099014
47 4793.983312
47 4890.279406
47 4934.143418
47 4947.775381
47 4994.506937
47 5109.645372
47 5195.951206
47 5236.277338
47 5333.005542
47 5422.983602
47 5462.737345
47 5585.122814
47 5639.657700
47 5738.427582
47 5817.755319
47 5880.522038
47 5978.175058
48 108.915455
48 143.394147
48 212.502559
48 300.307068
48 357.575081
48 442.885824
48 467.885676
48 552.743209
48 692.482323
48 765.487318
48 885.637235
48 962.335195
48 1035.767927
48 1149.293171
48 1286.945794
48 1351.280422
48 1407.311603
48 1471.729921
48 1498.305847
48 1567.704798
48 1700.946331
48 1773.028356
48 1851.427640
48 1958.181556
48 2022.197217
48 2142.698006
48 2223.687115
48 2293.697308
48 2362.436751
48 2423.947737
48 2511.910334
48 2569.483325
48 2667.645554
48 2729.824446
48 2793.710148
48 2859.215829
48 2918.498307
48 2964.616102
48 3088.633700
48 3163.080044
48 3236.790198
48 3291.315278
48 3359.890232
48 3463.496592
48 3566.469646
48 3665.517704
48 3754.885437
48 3829.138738
48 3935.574911
48 3998.787986
48 4083.890484
48 4181.703532
48 4271.237584
48 4339.213815
48 4417.405990
48 4512.496170
48 4588.043737
48 4649.102503
48 4732.427701
48 4807.387007
48 4823.509547
48 4908.121459
48 4997.280924
48 5104.056631
48 5206.428146
48 5239.699910
48 5343.469519
48 5461.334829
48 5538.528857
48 5639.484495
48 5716.224554
48 5819.323126
48 5900.000565
49 112.023367
49 157.377892
49 297.883083
49 392.845932
49 478.318458
49 551.334088
49 606.216767
49 669.458498
49 747.636804
49 839.886158
49 911.695266
49 980.437971
49 1091.295148
49 1201.300847
49 1318.513451
49 1395.661004
49 1459.410114
49 1517.633550
49 1591.695874
49 1635.565991
49 1664.921448
49 1720.591213
49 1827.523326
49 1865.995508
49 1922.809206
49 2010.503783
49 2114.515360
49 2208.112428
49 2236.749402
49 2299.663271
49 2398.913759
49 2444.245821
49 2547.387770
49 2606.859875
49 2709.153878
49 2834.629881
49 2917.332913
49 2939.058524
49 3024.870543
49 3091.950826
49 3175.141369
49 3282.040435
49 3405.854159
49 3498.922573
49 3610.359307
49 3754.642813
49 3865.182434
49 3950.570645
49 4067.482684
49 4155.741763
49 4221.693264
49 4319.670485
49 4378.220917
49 4447.656554
49 4521.750685
49 4609.723753
49 4676.148491
49 4780.947433
49 4864.317665
49 4935.794684
49 5026.439442
49 5114.024486
49 5177.851651
49 5257.798966
49 5367.979681
49 5412.754778
49 5508.819991
49 5629.285706
49 5679.881748
49 5760.292089
49 5861.359230
49 5964.772620
50 71.764676
50 155.018440
50 227.134257
50 300.348954
50 411.942178
50 490.624000
50 546.026730
50 560.329170
50 666.139545
50 725.498635
50 782.750918
50 843.709585
50 934.939424
50 1015.976767
50 1107.698063
50 1178.399200
50 1281.958262
50 1346.247682
50 1444.581022
50 1497.416899
50 1593.177196
50 1647.545919
50 1752.554379
50 1850.757297
50 1959.113655
50 2043.794790
50 2101.889711
50 2214.139379
50 2318.546339
50 2422.177249
50 2474.925099
50 2534.981242
50 2619.747310
50 2691.276919
50 2813.171669
50 2937.750061
50 3025.728931
50 3116.816058
50 3233.375247
50 3296.569017
50 3377.570646
50 3470.042392
50 3553.271491
50 3600.196067
50 3674.416707
50 3754.920975
50 3830.246461
50 3889.708759
50 3992.024117
50 4054.800990
50 4124.438189
50 4237.112762
50 4323.891334
50 4374.456180
50 4526.215659
50 4588.677936
50 4698.493205
50 4796.850858
50 4837.325267
50 4963.284245
50 5050.477477
50 5112.980982
50 5190.354502
50 5282.975793
50 5296.047413
50 5406.414792
50 5478.196950
50 5573.792032
50 5675.680756
50 5762.520942
50 5819.131097
50 5906.137007
50 5937.412293
51 64.423467
51 171.656711
51 251.767541
51 352.310252
51 466.106292
51 515.614787
51 601.629804
51 725.458423
51 851.717569
51 895.453657
51 974.014913
51 1057.026942
51 1152.536231
51 1210.091800
51 1300.065151
51 1407.802306
51 1495.025927
51 1633.765741
51 1716.477074
51 1785.967928
51 1927.955598
51 2054.119314
51 2137.184871
51 2240.679151
51 2370.527202
51 2462.796431
51 2509.698159
51 2643.318498
51 2681.801177
51 2783.159025
51 2885.670782
51 3024.411109
51 3061.403663
51 3142.250080
51 3200.930561
51 3303.992141
51 3353.631736
51 3442.976063
51 3470.444265
51 3584.718700
51 3646.556905
51 3752.017458
51 3849.006036
51 3916.646142
51 3999.938997
51 4048.750857
51 4173.976335
51 4237.958754
51 4296.450621
51 4395.660005
51 4469.239179
51 4554.999665
51 4607.060486
51 4644.394037
51 4758.520978
51 4831.936799
51 4882.042043
51 4963.147507
51 5086.717778
51 5133.335659
51 5216.893458
51 5341.348952
51 5437.961337
51 5516.064351
51 5634.940899
51 5761.141935
51 5877.645735
51 5961.556743
52 88.544563
52 174.735963
52 251.661255
52 313.097529
52 425.713998
52 495.399418
52 566.251922
52 617.762198
52 731.573817
52 843.517310
52 976.515935
52 1104.989142
52 1183.084640
52 1212.466260
52 1259.034239
52 1304.441189
52 1400.438001
52 1462.127011
52 1576.640851
52 1658.004150
52 1757.256742
52 1871.153175
52 1989.320509
52 2112.895547
52 2168.655621
52 2213.134206
52 2348.753898
52 2441.395848
52 2575.031653
52 2645.267448
52 2719.412582
52 2810.849825
52 2889.231102
52 2989.658498
52 3047.957214
52 3108.715818
52 3140.716619
52 3204.552526
52 3296.176489
52 3368.977442
52 3405.097993
52 3506.899734
52 3597.048476
52 3675.979987
52 3782.071284
52 3888.064293
52 3952.773260
52 4011.188213
52 4128.849054
52 4194.786626
52 4269.516373
52 4384.221156
52 4526.050277
52 4573.926319
52 4646.276346
52 4733.936137
52 4762.106990
52 4852.066504
52 4890.670154
52 4962.184529
52 5083.795034
52 5122.338409
52 5215.260921
52 5285.712230
52 5397.713979
52 5437.690735
52 5541.750399
52 5661.725648
52 5793.017901
52 5818.377628
52 5847.376334
52 5935.489235
53 85.429896
53 170.041883
53 293.974099
53 350.632369
53 442.296038
53 520.573885
53 586.273353
53 726.161656
53 817.889292
53 843.204613
53 905.123394
53 935.289352
53 1016.867857
53 1078.779676
53 1196.796907
53 1284.391324
53 1377.109107
53 1464.163226
53 1543.705511
53 1592.716156
53 1660.800364
53 1769.420037
53 1827.936547
53 1943.118071
53 1960.200237
53 2097.448845
53 2214.703727
53 2313.721471
53 2375.583660
53 2458.039869
53 2533.130030
53 2624.612243
53 2674.158973
53 2748.086434
53 2833.745764
53 2890.728738
53 2967.433791
53 3044.574640
53 3144.590652
53 3227.578260
53 3352.560310
53 3428.110476
53 3504.532844
53 3602.209663
53 3720.300433
53 3830.730872
53 3892.606473
53 4022.235006
53 4116.161933
53 4219.499365
53 4271.505790
53 4359.648747
53 4452.621815
53 4523.372700
53 4603.438347
53 4723.146965
53 4822.454688
53 4912.270232
53 5006.060582
53 5081.689422
53 5214.591864
53 5296.671259
53 5367.647623
53 5510.167461
53 5569.830100
53 5665.256293
53 5737.444631
53 5830.408025
53 5937.153459
54 61.452581
54 178.941777
54 279.328084
54 349.174208
54 459.630738
54 586.899913
54 672.989369
54 724.444520
54 819.321360
54 913.609854
54 1014.579512
54 1132.001627
54 1197.329170
54 1274.595907
54 1409.710568
54 1498.782076
54 1554.742454
54 1597.462820
54 1706.163780
54 1766.532825
54 1817.060945
54 1924.702403
54 1997.957830
54 2052.128970
54 2144.374793
54 2241.290425
54 2259.565734
54 2374.343857
54 2461.161091
54 2573.443197
54 2691.669406
54 2755.827302
54 2786.172787
54 2890.976496
54 2939.523221
54 3025.933390
54 3140.674144
54 3232.601295
54 3307.655787
54 3433.027222
54 3490.848558
54 3601.429327
54 3687.406434
54 3802.043452
54 3838.899610
54 3919.416576
54 4028.853624
54 4171.637570
54 4270.182404
54 4374.636704
54 4474.630250
54 4542.226681
54 4604.549677
54 4672.338543
54 4783.652661
54 4870.934476
54 4999.251391
54 5079.334428
54 5192.527866
54 5283.157701
54 5321.393007
54 5420.380206
54 5509.988770
54 5619.722164
54 5705.306439
54 5855.972536
54 5918.660690
54 5958.388654
55 108.074294
55 211.164570
55 278.466052
55 352.219731
55 480.685699
55 565.487197
55 616.293829
55 742.273099
55 811.489427
55 868.724605
55 945.222393
55 1042.807539
55 1087.005204
55 1178.762347
55 1277.735729
55 1351.644350
55 1425.929796
55 1494.658120
55 1554.590605
55 1685.942404
55 1761.565712
55 1915.349859
55 2010.927535
55 2118.022424
55 2189.059414
55 2293.341506
55 2377.501173
55 2555.609150
55 2645.466828
55 2731.971397
55 2813.531003
55 2892.722200
55 3005.449050
55 3053.177061
55 3165.348617
55 3243.263632
55 3369.718135
55 3443.621281
55 3503.527977
55 3642.472308
55 3759.700635
55 3824.719384
55 3843.242646
55 3916.451253
55 3980.264939
55 4046.791112
55 4155.052766
55 4252.135593
55 4396.942439
55 4506.580608
55 4606.244266
55 4683.456249
55 4747.831084
55 4889.545718
55 4961.910760
55 5020.363984
55 5132.666018
55 5215.590859
55 5323.395214
55 5394.581289
55 5479.919349
55 5609.738222
55 5699.029349
55 5793.084785
55 5827.665519
55 5879.412600
55 5989.136849
56 33.879354
56 86.538947
56 171.884815
56 268.246061
56 389.966763
56 468.604947
56 564.632401
56 671.245611
56 788.343000
56 891.327550
56 1016.156188
56 1149.813592
56 1255.815218
56 1314.911978
56 1453.740134
56 1563.262777
56 1613.070575
56 1684.661360
56 1748.848122
56 1847.498188
56 1992.447099
56 2071.482568
56 2092.726267
56 2147.575552
56 2243.892042
56 2317.067496
56 2375.797249
56 2435.121010
56 2548.469855
56 2610.410485
56 2709.051548
56 2717.894908
56 2833.542809
56 2924.278403
56 3012.093879
56 3059.738353
56 3129.855542
56 3233.676864
56 3287.759612
56 3342.785281
56 3443.006547
56 3529.773387
56 3597.883645
56 3716.311314
56 3781.750691
56 3910.652107
56 4047.660248
56 4156.417957
56 4256.271933
56 4341.382900
56 4392.771522
56 4475.869997
56 4565.235424
56 4677.893258
56 4758.045057
56 4812.076305
56 4937.020374
56 4957.410620
56 5078.286151
56 5158.940697
56 5206.915057
56 5239.840838
56 5330.018688
56 5427.335582
56 5542.708296
56 5639.967300
56 5724.851340
56 5821.464324
56 5890.696082
56 5997.028088
57 155.654559
57 298.780554
57 443.256624
57 527.773707
57 634.577201
57 724.388538
57 831.719623
57 911.834940
57 940.187109
57 1041.752789
57 1133.884026
57 1210.940022
57 1305.957944
57 1410.549178
57 1489.415406
57 1651.910402
57 1707.728505
57 1790.219141
57 1879.605915
57 1952.176503
57 1998.974124
57 2096.514471
57 2245.731371
57 2321.014240
57 2374.507467
57 2468.928040
57 2506.592249
57 2643.391766
57 2777.639481
57 2869.825389
57 2932.101871
57 3024.242878
57 3111.352871
57 3203.046002
57 3303.399504
57 3344.057755
57 3396.175050
57 3477.446964
57 3542.954858
57 3630.389195
57 3659.182514
57 3776.408533
57 3862.801234
57 3955.744493
57 4103.639122
57 4222.800837
57 4354.615807
57 4470.012031
57 4559.613199
57 4673.335068
57 4797.388277
57 4869.012808
57 4963.926317
57 5042.166345
57 5100.150244
57 5194.116273
57 5356.384349
57 5422.206209
57 5513.826859
57 5585.007609
57 5717.310919
57 5822.431649
57 5901.087016
57 5982.349329
58 62.916244
58 145.411937
58 239.598199
58 348.660047
58 425.519621
58 565.744250
58 681.988515
58 772.684683
58 844.711847
58 912.115753
58 979.494620
58 1062.855239
58 1158.321245
58 1203.040691
58 1299.208956
58 1451.311304
58 1499.582549
58 1561.503957
58 1744.226354
58 1818.335478
58 1917.579522
58 2012.454282
58 2090.618688
58 2234.990407
58 2320.518812
58 2389.069603
58 2490.649542
58 2627.869260
58 2771.804291
58 2847.228740
58 2887.457605
58 2970.663873
58 3062.538292
58 3231.829360
58 3316.324397
58 3472.298225
58 3598.883304
58 3624.546856
58 3723.491619
58 3819.379391
58 3887.511773
58 4020.188277
58 4087.911067
58 4155.864579
58 4277.444118
58 4419.909027
58 4557.142171
58 4610.294380
58 4761.223931
58 4915.014493
58 4996.735997
58 5134.741652
58 5244.354799
58 5301.659166
58 5367.203182
58 5474.752301
58 5598.961490
58 5687.131785
58 5760.950553
58 5878.155581
59 144.341815
59 204.229449
59 299.212994
59 441.771566
59 488.065361
59 581.743656
59 680.044700
59 744.699971
59 850.348714
59 946.893277
59 1035.464294
59 1132.748863
59 1250.433701
59 1349.624113
59 1458.519247
59 1592.202029
59 1725.179460
59 1806.074208
59 1916.952107
59 2034.306607
59 2117.675144
59 2237.527486
59 2320.405345
59 2416.487266
59 2482.230228
59 2573.401985
59 2706.707163
59 2817.450995
59 2917.476889
59 3024.765350
59 3136.817991
59 3181.441067
59 3275.385590
59 3369.140332
59 3443.142884
59 3534.851933
59 3597.706924
59 3759.112160
59 3805.280306
59 3916.411636
59 4012.639475
59 4120.999717
59 4220.029723
59 4337.447333
59 4442.319138
59 4547.848668
59 4606.268022
59 4723.064344
59 4888.479581
59 5020.978597
59 5131.641948
59 5144.357556
59 5287.189538
59 5358.712236
59 5476.596220
59 5544.476539
59 5659.121921
59 5757.113057
59 5844.202571
59 5924.456459
60 129.174868
60 291.123460
60 422.893688
60 524.222905
60 634.857432
60 705.190070
60 842.640845
60 936.729312
60 1054.750547
60 1129.514697
60 1205.495587
60 1286.021846
60 1389.704780
60 1475.567273
60 1606.096007
60 1702.440402
60 1801.624965
60 1845.695947
60 1955.533308
60 2017.226379
60 2139.292050
60 2218.867065
60 2346.662599
60 2418.303248
60 2508.767175
60 2602.766893
60 2684.884093
60 2791.533031
60 2891.611385
60 3009.112010
60 3133.394892
60 3261.215022
60 3404.614989
60 3503.673413
60 3548.352584
60 3695.504876
60 3831.320406
60 3926.881532
60 4005.146944
60 4100.587214
60 4253.378450
60 4355.385102
60 4451.889224
60 4568.066444
60 4672.286758
60 4734.378644
60 4822.670596
60 4894.496648
60 4995.344053
60 5132.676988
60 5285.362857
60 5406.483809
60 5474.206964
60 5605.939668
60 5688.868850
60 5759.902565
60 5846.019537
60 5981.015977
61 86.034017
61 172.085551
61 268.742383
61 354.993770
61 442.470256
61 505.111531
61 556.946348
61 632.113189
61 766.500375
61 924.083056
61 1019.001575
61 1133.330679
61 1242.609007
61 1312.696282
61 1460.134143
61 1557.683767
61 1652.280639
61 1730.213267
61 1879.153884
61 1969.940756
61 2054.022730
61 2143.914745
61 2195.049172
61 2316.846074
61 2380.756170
61 2518.505075
61 2624.743315
61 2805.105523
61 2891.784447
61 3024.298200
61 3170.016715
61 3296.374193
61 3376.018023
61 3433.999582
61 3491.792307
61 3620.535263
61 3719.147217
61 3800.046199
61 3975.664403
61 4048.501316
61 4154.540581
61 4344.583173
61 4431.018349
61 4556.772061
61 4699.809366
61 4775.947449
61 4882.465686
61 4961.197177
61 5061.080154
61 5086.843448
61 5195.009056
61 5306.650472
61 5398.735000
61 5461.871615
61 5559.020012
61 5659.343625
61 5792.270379
61 5853.377755
61 5991.890219
62 131.033000
62 263.008490
62 393.394777
62 481.085014
62 579.247015
62 672.476633
62 805.947916
62 1016.680752
62 1128.900660
62 1226.928003
62 1314.925784
62 1369.680248
62 1497.534640
62 1565.175481
62 1682.971408
62 1754.366482
62 1915.781356
62 2000.044365
62 2096.067180
62 2269.682544
62 2379.800747
62 2509.317344
62 2654.628582
62 2793.393722
62 2894.584835
62 3040.438118
62 3162.547885
62 3253.418598
62 3376.573577
62 3486.292309
62 3631.470856
62 3702.240502
62 3828.879469
62 3954.017489
62 4027.427426
62 4155.950554
62 4282.699925
62 4412.157134
62 4474.889651
62 4629.226304
62 4728.109224
62 4794.950970
62 4910.497628
62 5020.710145
62 5164.260991
62 5269.609239
62 5396.973862
62 5535.346089
62 5638.005264
62 5764.025972
62 5846.449237
62 5923.831373
63 87.678136
63 195.999696
63 298.186288
63 441.095659
63 486.647028
63 592.838946
63 724.319443
63 913.345171
63 1034.508502
63 1073.777115
63 1178.371807
63 1251.853925
63 1409.131536
63 1491.158692
63 1670.447783
63 1767.632215
63 1915.468032
63 2055.022476
63 2111.273738
63 2232.047557
63 2465.016173
63 2637.020436
63 2737.184027
63 2810.090060
63 2930.701856
63 3042.121871
63 3173.776765
63 3242.361744
63 3393.905855
63 3537.237651
63 3662.802845
63 3756.859135
63 3844.562124
63 3951.727168
63 4068.896992
63 4175.167496
63 4287.076399
63 4453.012835
63 4553.334464
63 4678.767294
63 4759.365659
63 4916.310737
63 5027.631892
63 5083.911727
63 5176.834033
63 5316.657441
63 5438.427334
63 5545.112113
63 5693.586439
63 5808.398817
63 5979.894611
64 154.289829
64 250.538066
64 366.952100
64 423.356921
64 536.074794
64 702.566759
64 817.743069
64 868.168118
64 957.010427
64 1058.328056
64 1142.773246
64 1280.820425
64 1417.489790
64 1572.917922
64 1686.933783
64 1774.448204
64 1828.059023
64 1983.886576
64 2140.196730
64 2255.552426
64 2347.263662
64 2463.939939
64 2595.468123
64 2708.171926
64 2831.454096
64 2950.612291
64 2988.104088
64 3118.595200
64 3169.040787
64 3315.941970
64 3466.790287
64 3626.362339
64 3751.811667
64 3886.416487
64 3977.528917
64 4083.635883
64 4154.206259
64 4239.142645
64 4340.703420
64 4451.359122
64 4588.155653
64 4696.862013
64 4832.914948
64 4992.924378
64 5076.916778
64 5235.447433
64 5367.387806
64 5493.152678
64 5672.370649
64 5718.246537
64 5819.670217
65 104.141946
65 243.402941
65 391.957072
65 528.568704
65 644.554691
65 805.969229
65 917.066509
65 1018.576102
65 1152.899351
65 1316.717229
65 1445.765254
65 1569.296778
65 1642.916325
65 1820.779314
65 1914.096259
65 2014.569569
65 2175.926632
65 2307.424906
65 2424.987887
65 2606.772768
65 2834.794304
65 2993.334061
65 3084.383676
65 3231.663420
65 3428.716965
65 3552.096461
65 3622.669729
65 3724.223288
65 3869.697811
65 3956.635365
65 4154.363191
65 4317.527993
65 4402.678007
65 4505.519054
65 4644.809972
65 4744.231189
65 4827.676807
65 4963.059751
65 5081.479416
65 5193.171140
65 5271.096971
65 5421.695845
65 5501.470570
65 5619.440908
65 5700.326994
65 5763.419787
65 5878.002134
65 5980.073282
66 167.108129
66 322.564001
66 467.237157
66 538.367907
66 672.409588
66 773.900435
66 918.653935
66 1027.426790
66 1182.209925
66 1346.345638
66 1461.214349
66 1562.099015
66 1657.032972
66 1767.907704
66 1825.492584
66 1924.328192
66 2102.561732
66 2215.460512
66 2353.246250
66 2436.950539
66 2595.593909
66 2712.718052
66 2890.374627
66 2991.412316
66 3091.096584
66 3205.467856
66 3365.390646
66 3458.491589
66 3599.927745
66 3728.060331
66 3838.059936
66 3962.048880
66 4053.387338
66 4154.328913
66 4217.665952
66 4275.335069
66 4383.865020
66 4583.991645
66 4700.664887
66 4809.895262
66 4931.681530
66 5088.039921
66 5235.940316
66 5351.218501
66 5461.672634
66 5583.299850
66 5709.442041
66 5921.218480
67 156.567374
67 280.091789
67 375.947826
67 452.678194
67 602.206006
67 698.731949
67 814.311075
67 912.021816
67 1039.447314
67 1152.986978
67 1291.268565
67 1493.460493
67 1578.216420
67 1684.973975
67 1818.844054
67 1956.305158
67 2073.713445
67 2217.049944
67 2299.818518
67 2444.738978
67 2556.315008
67 2664.796438
67 2772.121429
67 2831.614335
67 2890.595924
67 2992.742621
67 3162.211118
67 3259.447022
67 3423.833271
67 3519.277358
67 3685.163078
67 3801.589304
67 3915.437416
67 4083.750137
67 4177.139954
67 4353.520871
67 4505.749621
67 4643.567160
67 4738.947430
67 4859.209417
67 4966.705423
67 5130.364318
67 5215.326149
67 5336.888095
67 5430.861531
67 5583.606900
67 5747.022933
67 5883.767019
67 5977.472900
68 113.178217
68 254.806698
68 444.230891
68 589.551816
68 671.573178
68 819.674196
68 920.968442
68 1070.601061
68 1218.147733
68 1421.492614
68 1567.616378
68 1662.027134
68 1818.072888
68 1923.308582
68 2055.967784
68 2193.803038
68 2399.429912
68 2456.660556
68 2576.578342
68 2720.811247
68 2806.422663
68 2970.134326
68 3124.606653
68 3353.393424
68 3468.197756
68 3644.309969
68 3777.597216
68 3888.479017
68 4043.089828
68 4144.016094
68 4288.475241
68 4377.944940
68 4542.560617
68 4733.556502
68 4908.676557
68 5081.104227
68 5191.709245
68 5329.756655
68 5355.227226
68 5495.831661
68 5604.342741
68 5817.652025
68 5905.654970
69 121.332661
69 197.508845
69 389.918073
69 543.523122
69 726.009673
69 974.084566
69 1150.438094
69 1222.193282
69 1309.835397
69 1496.514830
69 1635.922787
69 1786.992901
69 1906.725014
69 2021.275534
69 2134.084153
69 2251.803372
69 2354.673654
69 2485.757286
69 2608.385668
69 2672.414934
69 2807.846603
69 3027.462040
69 3080.994596
69 3152.528768
69 3296.195232
69 3417.481432
69 3532.062835
69 3698.929326
69 3836.610438
69 3976.248966
69 4151.828827
69 4359.762727
69 4478.607823
69 4678.240225
69 4838.064279
69 4963.051442
69 5027.292222
69 5162.457435
69 5302.302044
69 5421.379273
69 5543.773065
69 5721.975337
69 5842.169301
70 77.915223
70 293.517211
70 443.324441
70 556.040159
70 680.007596
70 806.739789
70 941.631341
70 1096.466290
70 1205.592283
70 1384.761509
70 1518.071224
70 1641.835294
70 1768.998785
70 1819.804942
70 1941.537248
70 2118.692422
70 2319.407064
70 2551.032226
70 2774.401855
70 2891.172797
70 3059.218085
70 3175.567173
70 3262.411384
70 3431.452983
70 3599.772560
70 3713.474416
70 3811.515902
70 3919.834259
70 4123.675569
70 4218.387831
70 4395.445940
70 4525.694885
70 4617.534873
70 4778.406613
70 4910.089772
70 5039.004872
70 5157.814514
70 5348.836964
70 5507.781914
70 5581.071541
70 5758.572205
70 5863.158254
71 160.574967
71 251.178673
71 465.809227
71 680.640804
71 811.842566
71 949.165203
71 1072.867394
71 1131.454626
71 1260.516801
71 1349.890632
71 1441.876981
71 1636.553310
71 1819.622151
71 1942.373012
71 2094.400587
71 2257.138834
71 2389.298455
71 2583.428900
71 2646.641323
71 2788.128361
71 2977.406995
71 3162.974198
71 3237.342879
71 3385.091171
71 3527.737663
71 3577.042347
71 3631.072219
71 3797.929840
71 4024.141560
71 4080.966868
71 4234.936195
71 4388.411251
71 4579.129004
71 4799.950563
71 4935.978584
71 5112.344032
71 5312.969122
71 5475.469566
71 5582.777428
71 5642.224866
71 5824.769217
72 126.752681
72 248.195653
72 351.738679
72 533.719296
72 764.849211
72 784.008910
72 1080.690906
72 1203.961266
72 1353.908909
72 1495.870571
72 1707.007597
72 1884.345914
72 2022.528152
72 2239.549904
72 2459.618391
72 2710.154592
72 2852.607798
72 3072.233667
72 3223.934348
72 3300.910516
72 3406.642408
72 3619.064896
72 3895.717924
72 4030.770392
72 4173.646262
72 4287.127674
72 4416.344152
72 4534.325023
72 4734.329862
72 4932.433992
72 5002.294944
72 5172.826436
72 5267.977373
72 5532.608269
72 5659.833706
72 5902.354629
73 188.274257
73 426.262222
73 503.058960
73 763.962182
73 840.881563
73 995.933612
73 1105.404952
73 1248.146635
73 1447.918632
73 1702.785568
73 1863.654679
73 2030.039348
73 2167.598222
73 2320.168315
73 2556.806530
73 2709.925120
73 2783.485041
73 2831.929118
73 2934.533937
73 3100.379753
73 3260.044399
73 3449.028984
73 3601.685513
73 3756.008712
73 3909.184462
73 4122.473776
73 4323.190666
73 4450.785087
73 4553.814057
73 4749.496605
73 4856.671446
73 4992.733004
73 5163.293909
73 5299.992168
73 5576.394955
73 5801.497827
73 5890.744109
74 188.913983
74 425.783170
74 634.189826
74 839.915663
74 1017.411710
74 1183.898752
74 1488.770420
74 1590.897011
74 1767.179929
74 1909.653006
74 2051.270239
74 2242.089503
74 2453.150450
74 2709.158557
74 2872.689637
74 3066.410876
74 3322.982794
74 3488.502538
74 3668.403002
74 3828.939461
74 4012.466911
74 4155.819282
74 4475.953160
74 4668.700907
74 4890.459338
74 5100.204071
74 5296.083385
74 5540.835619
74 5809.098301
75 174.716675
75 428.690505
75 634.273219
75 840.030928
75 940.484422
75 1211.229157
75 1387.355846
75 1607.003014
75 1797.646403
75 2006.794042
75 2240.240131
75 2408.766434
75 2643.960928
75 2812.187880
75 3030.991405
75 3311.376281
75 3599.822560
75 3723.596610
75 3919.796380
75 4089.909612
75 4322.077441
75 4571.780198
75 4852.290302
75 5102.305101
75 5238.244598
75 5512.096427
75 5665.664795
75 5900.476052
76 313.451901
76 438.165603
76 655.694837
76 788.779817
76 995.823445
76 1281.244833
76 1523.775463
76 1783.650430
76 1981.846512
76 2214.110293
76 2417.767124
76 2627.956457
76 2805.269823
76 2987.295433
76 3239.950516
76 3461.731315
76 3675.101127
76 4003.617740
76 4083.384996
76 4271.083633
76 4436.488572
76 4698.479256
76 4890.269497
76 5110.214617
76 5271.040972
76 5491.213911
76 5690.991423
76 5917.447439
77 182.850189
77 460.955198
77 567.856686
77 840.357455
77 996.923806
77 1183.316533
77 1372.211912
77 1652.310070
77 1850.021890
77 2110.209253
77 2321.055106
77 2570.457409
77 2729.406974
77 2891.063904
77 3170.683853
77 3321.632301
77 3516.194270
77 3601.660364
77 3786.259137
77 4042.155383
77 4180.520883
77 4306.200185
77 4575.096604
77 4800.092169
77 5081.399235
77 5270.395506
77 5510.419680
77 5691.868766
77 5877.370525
78 85.819697
78 390.650066
78 636.199167
78 834.012800
78 1109.588622
78 1176.559064
78 1419.471994
78 1783.080568
78 1933.347235
78 2168.236002
78 2401.867130
78 2571.676528
78 2786.046541
78 3024.493373
78 3266.349237
78 3418.430221
78 3640.677599
78 3831.906007
78 4172.663835
78 4452.221088
78 4761.561877
78 4887.477694
78 5157.793887
78 5293.471910
78 5511.334739
78 5720.012754
78 5935.469591
79 321.263757
79 530.166622
79 856.078814
79 1153.407431
79 1566.944357
79 1850.387645
79 2056.272457
79 2379.655833
79 2671.138052
79 2830.967681
79 3117.532148
79 3465.617359
79 3827.760438
79 4090.660652
79 4318.645454
79 4573.029389
79 4725.293449
79 5079.929953
79 5573.694581
79 5742.418308
79 5960.833617
80 280.488605
80 504.592195
80 805.453722
80 1108.755637
80 1348.884103
80 1651.159918
80 1784.717270
80 2140.733162
80 2501.635948
80 2785.906241
80 3121.929190
80 3405.599091
80 3714.169853
80 4029.260247
80 4450.229383
80 4760.846183
80 5031.094942
80 5290.834254
80 5480.945443
80 5736.531096
80 5979.727318
