1 88.178055
1 206.985978
1 357.123619
1 435.759563
1 557.926311
1 689.202397
1 850.310522
1 996.495932
1 1089.268125
1 1200.380769
1 1309.109658
1 1480.580774
1 1595.749695
1 1709.845649
1 1794.631820
1 1865.023194
1 1994.588753
1 2075.475641
1 2213.479614
1 2304.306857
1 2382.044025
1 2526.228633
1 2694.778942
1 2790.084917
1 2902.563102
1 3030.853631
1 3132.989149
1 3233.915232
1 3377.951286
1 3528.452081
1 3640.030640
1 3757.969057
1 3898.156508
1 4016.722801
1 4172.034360
1 4332.194213
1 4503.471698
1 4644.140499
1 4794.122452
1 4897.399440
1 5046.439535
1 5083.503029
1 5189.700988
1 5347.588177
1 5456.641611
1 5509.128571
1 5629.985251
1 5716.163272
1 5802.965920
1 5944.029850
1 5985.063538
2 104.042029
2 264.391234
2 374.421738
2 502.071232
2 602.943598
2 737.490492
2 862.444291
2 997.701409
2 1108.535064
2 1254.130250
2 1368.222282
2 1501.352632
2 1590.576489
2 1651.243439
2 1799.878260
2 1864.069798
2 1996.973572
2 2026.443072
2 2141.591551
2 2246.680043
2 2346.681701
2 2452.063783
2 2625.096409
2 2757.985888
2 2859.851659
2 2942.279709
2 3032.997329
2 3116.268523
2 3175.391892
2 3238.047557
2 3333.852565
2 3481.634286
2 3551.805538
2 3681.367535
2 3811.267603
2 3991.796517
2 4059.218786
2 4185.996074
2 4278.031717
2 4393.279641
2 4537.092651
2 4606.114390
2 4715.268634
2 4838.027915
2 4995.765949
2 5097.822895
2 5213.323015
2 5325.243128
2 5404.910657
2 5499.950241
2 5591.411327
2 5735.527922
2 5863.824259
2 5988.501270
3 92.830211
3 200.765825
3 305.909779
3 441.834597
3 502.044492
3 584.230795
3 708.988793
3 851.269214
3 926.274126
3 1000.051589
3 1117.798957
3 1199.473028
3 1293.060694
3 1365.060024
3 1491.014932
3 1600.599969
3 1742.656914
3 1843.223972
3 1986.729440
3 2062.552032
3 2113.042358
3 2234.702261
3 2345.019015
3 2390.492290
3 2478.328229
3 2625.281155
3 2740.693464
3 2891.162014
3 2949.636360
3 3068.879922
3 3131.225129
3 3242.515536
3 3279.464165
3 3385.869765
3 3478.822628
3 3552.756930
3 3639.667175
3 3770.730174
3 3899.011067
3 3997.098936
3 4105.596153
3 4263.368024
3 4413.736174
3 4588.658076
3 4703.986615
3 4836.762978
3 4902.952639
3 4999.583432
3 5176.631687
3 5324.410476
3 5420.527889
3 5526.840596
3 5611.093590
3 5705.821815
3 5837.213271
3 5938.741445
4 100.277585
4 183.452681
4 268.558582
4 371.328960
4 526.103188
4 678.277640
4 773.127864
4 915.687718
4 960.271006
4 1068.447180
4 1184.254203
4 1302.985869
4 1388.659379
4 1458.314853
4 1599.414707
4 1710.635485
4 1853.746729
4 1937.992861
4 2016.966562
4 2120.965437
4 2197.600594
4 2321.605426
4 2443.639138
4 2561.953096
4 2642.768501
4 2779.423869
4 2925.924276
4 2947.343142
4 3029.557878
4 3130.585475
4 3317.243009
4 3411.461583
4 3568.288739
4 3638.549851
4 3778.915552
4 3875.205049
4 3974.168939
4 4021.562297
4 4187.034174
4 4317.599883
4 4392.859378
4 4523.579704
4 4587.211984
4 4627.657261
4 4795.795958
4 4987.805150
4 5104.194080
4 5262.293261
4 5338.342374
4 5454.764346
4 5565.672151
4 5730.508994
4 5891.242043
4 5984.055704
5 49.290633
5 172.245103
5 228.999745
5 398.954229
5 521.225244
5 571.186882
5 615.249976
5 686.872504
5 769.080455
5 851.377780
5 992.533672
5 1061.203177
5 1173.601427
5 1341.241684
5 1482.951948
5 1590.522291
5 1745.787731
5 1853.071331
5 2006.030217
5 2143.840595
5 2260.151598
5 2364.052756
5 2498.909207
5 2622.846213
5 2850.207090
5 2975.573006
5 3045.815097
5 3182.014159
5 3258.265691
5 3384.645106
5 3482.225594
5 3587.673692
5 3682.704517
5 3738.852939
5 3921.165917
5 4055.872558
5 4171.523894
5 4300.935933
5 4463.756115
5 4588.904622
5 4718.342301
5 4827.611432
5 4937.994628
5 5045.950103
5 5163.752084
5 5246.628252
5 5342.989525
5 5479.191914
5 5630.076202
5 5716.304996
5 5851.547153
5 5940.992920
6 131.563200
6 296.894613
6 454.981759
6 615.143889
6 701.237698
6 824.559355
6 918.283584
6 1029.258421
6 1126.760554
6 1229.184628
6 1391.340183
6 1525.882710
6 1649.736691
6 1717.877336
6 1791.636512
6 1881.397147
6 2002.458586
6 2178.963168
6 2299.662025
6 2383.453709
6 2465.272025
6 2651.427114
6 2700.860625
6 2838.166010
6 2949.787036
6 3061.672410
6 3175.395679
6 3239.425205
6 3279.979009
6 3406.007940
6 3565.091698
6 3654.862468
6 3804.169751
6 3862.588542
6 3970.327866
6 4038.198011
6 4169.467259
6 4252.524215
6 4393.685718
6 4508.730405
6 4641.650691
6 4723.751986
6 4833.699215
6 4989.189140
6 5030.936685
6 5171.762768
6 5187.986956
6 5264.152126
6 5385.263069
6 5483.133208
6 5605.990398
6 5706.454855
6 5833.251854
6 5900.021324
7 91.087584
7 182.758990
7 274.435056
7 375.300480
7 508.742940
7 614.416088
7 709.586085
7 884.040135
7 907.613254
7 1050.092537
7 1178.773715
7 1287.931631
7 1385.044841
7 1508.708025
7 1611.568358
7 1713.055843
7 1860.866901
7 1990.823120
7 2098.880948
7 2203.452276
7 2318.755134
7 2423.383308
7 2531.179335
7 2604.756168
7 2710.104627
7 2787.976376
7 2907.240906
7 3045.602399
7 3104.409809
7 3245.802095
7 3376.948592
7 3574.820583
7 3689.284362
7 3806.867938
7 3950.796904
7 4074.748871
7 4167.586841
7 4295.064936
7 4383.689093
7 4407.447208
7 4515.054836
7 4609.288846
7 4687.105750
7 4793.677448
7 4897.726169
7 4990.613372
7 5101.828548
7 5145.777749
7 5323.341294
7 5455.192199
7 5619.701224
7 5730.921554
7 5844.231144
7 5910.329533
8 115.493584
8 203.150201
8 326.822398
8 378.696315
8 507.064751
8 643.586337
8 793.787602
8 911.959417
8 1057.944216
8 1156.244215
8 1301.740573
8 1465.129481
8 1502.899631
8 1681.415099
8 1795.035641
8 1959.422410
8 2059.201596
8 2158.707746
8 2318.084268
8 2407.342111
8 2558.231691
8 2634.897723
8 2719.108800
8 2882.854022
8 2977.336166
8 3031.867255
8 3170.809851
8 3354.217655
8 3497.401615
8 3637.514796
8 3771.106195
8 3841.950940
8 3905.178919
8 3983.547901
8 4083.109368
8 4217.011375
8 4366.324961
8 4535.188351
8 4631.601292
8 4745.521065
8 4854.038272
8 5045.117230
8 5172.269840
8 5313.080925
8 5420.688654
8 5526.572847
8 5628.776693
8 5671.148390
8 5752.045780
8 5944.209910
9 48.891947
9 242.322790
9 325.830472
9 399.610887
9 487.071794
9 576.176876
9 651.273350
9 796.005289
9 913.102350
9 976.721418
9 1055.228805
9 1133.459930
9 1200.422660
9 1353.448076
9 1539.033814
9 1649.163310
9 1773.601592
9 1897.110999
9 2059.108873
9 2206.040373
9 2301.472565
9 2445.928784
9 2559.661478
9 2701.316707
9 2789.461682
9 2971.156009
9 3074.186867
9 3191.211949
9 3321.843019
9 3384.638788
9 3425.806696
9 3516.373535
9 3615.563564
9 3776.718907
9 3942.513253
9 3955.968501
9 4125.111063
9 4247.944632
9 4368.230364
9 4509.503112
9 4608.163336
9 4723.120325
9 4815.989648
9 4885.480931
9 4940.158830
9 5032.756100
9 5189.679082
9 5324.327113
9 5423.440456
9 5568.745553
9 5739.807354
9 5915.490956
10 65.328286
10 170.080904
10 383.392035
10 500.034023
10 573.068510
10 723.759980
10 882.738881
10 1022.080052
10 1155.930022
10 1209.684073
10 1362.668874
10 1484.676640
10 1570.265133
10 1738.715477
10 1851.845610
10 2007.691279
10 2181.527052
10 2366.629262
10 2482.884022
10 2604.104035
10 2754.792191
10 2897.441208
10 3085.492768
10 3227.719852
10 3334.787795
10 3425.891338
10 3578.470955
10 3711.862414
10 3872.403209
10 4018.470400
10 4129.239896
10 4295.417440
10 4399.249425
10 4535.450168
10 4628.438470
10 4795.002046
10 4860.787103
10 5046.681723
10 5205.740221
10 5322.541780
10 5452.757812
10 5628.275374
10 5801.321679
10 5927.105296
11 100.993547
11 176.290362
11 297.600840
11 398.297916
11 574.118759
11 714.018447
11 815.922445
11 965.055681
11 1064.485774
11 1252.683600
11 1312.172714
11 1435.030648
11 1576.168053
11 1616.467869
11 1740.319924
11 1917.187024
11 2012.344069
11 2087.324019
11 2238.156443
11 2365.394046
11 2469.488625
11 2644.613956
11 2759.075752
11 2906.864340
11 2996.180120
11 3086.955780
11 3185.500646
11 3248.169125
11 3362.079510
11 3445.866830
11 3532.870022
11 3619.237130
11 3770.167194
11 3873.056912
11 4057.249796
11 4236.177012
11 4350.119632
11 4425.559366
11 4524.329171
11 4665.889854
11 4835.019212
11 5000.301367
11 5117.861818
11 5213.287179
11 5360.749501
11 5454.944286
11 5591.462018
11 5716.320446
11 5808.546637
11 5945.415413
12 133.155505
12 257.397159
12 425.566008
12 574.326329
12 708.482242
12 845.755017
12 921.830506
12 1061.215477
12 1199.349036
12 1302.849954
12 1434.723075
12 1498.305276
12 1630.873355
12 1811.089551
12 1979.195177
12 2107.156567
12 2277.783989
12 2390.753545
12 2453.041714
12 2645.563482
12 2743.463736
12 2902.099689
12 3048.803023
12 3131.855253
12 3240.134608
12 3333.283385
12 3449.551446
12 3575.381709
12 3683.744641
12 3818.788531
12 3974.141149
12 4077.298586
12 4187.658203
12 4264.223417
12 4366.964362
12 4494.331209
12 4643.872152
12 4817.006334
12 4941.570310
12 5069.642186
12 5124.589528
12 5263.006552
12 5427.104764
12 5559.381082
12 5625.289335
12 5719.263037
12 5858.325374
12 5985.609639
13 125.326073
13 225.798429
13 323.966500
13 477.974842
13 615.090845
13 708.042582
13 897.425633
13 1000.725768
13 1151.130813
13 1229.036574
13 1367.425463
13 1472.088669
13 1616.053183
13 1714.168551
13 1868.855136
13 1989.888300
13 2098.210100
13 2281.700909
13 2468.667360
13 2580.624344
13 2699.898879
13 2761.741748
13 2930.098789
13 2973.550727
13 3096.789919
13 3261.245431
13 3358.695146
13 3461.972029
13 3624.282622
13 3701.748222
13 3831.075618
13 3875.200830
13 4024.957774
13 4140.598636
13 4281.233415
13 4390.812816
13 4509.236450
13 4562.009405
13 4646.657771
13 4793.046712
13 4917.168129
13 5058.883209
13 5124.758135
13 5250.777034
13 5380.060773
13 5497.671210
13 5601.843794
13 5733.828600
13 5830.713222
13 5959.496917
14 181.876506
14 294.381205
14 371.772890
14 462.860901
14 561.388183
14 674.924431
14 770.424481
14 884.746964
14 1039.466776
14 1229.492036
14 1297.383137
14 1517.623064
14 1593.571298
14 1681.192989
14 1760.734677
14 1868.401900
14 1918.817244
14 2112.310004
14 2218.505131
14 2381.505469
14 2500.940413
14 2645.398706
14 2719.456932
14 2829.596781
14 2980.382685
14 3081.975885
14 3133.102022
14 3249.547215
14 3447.314922
14 3498.027259
14 3630.256874
14 3774.481944
14 3906.547010
14 4047.494492
14 4175.015936
14 4299.148138
14 4419.443983
14 4641.070367
14 4778.541391
14 4894.851792
14 5012.036071
14 5151.915867
14 5274.517118
14 5368.464222
14 5540.725334
14 5654.882117
14 5807.221932
14 5989.960848
15 172.008026
15 328.628008
15 374.057432
15 536.200557
15 633.045220
15 677.904315
15 816.953470
15 963.461428
15 1064.210196
15 1196.144381
15 1352.840280
15 1481.281296
15 1616.312013
15 1783.006050
15 1991.046072
15 2144.631730
15 2300.334069
15 2348.943264
15 2483.847516
15 2567.584381
15 2714.572145
15 2854.319616
15 3028.674327
15 3110.858533
15 3239.309157
15 3370.984104
15 3449.135767
15 3575.038860
15 3700.258869
15 3926.270617
15 4105.862058
15 4259.368801
15 4391.439631
15 4540.579498
15 4685.455440
15 4794.481772
15 4886.189115
15 5044.588691
15 5205.435555
15 5339.954484
15 5479.996228
15 5626.180675
15 5733.830893
15 5859.644486
15 5950.517109
16 127.285026
16 234.295292
16 410.153437
16 556.466998
16 682.924494
16 821.700762
16 960.813678
16 1069.268778
16 1229.753636
16 1348.652663
16 1497.544233
16 1589.502468
16 1723.100852
16 1835.627886
16 1973.957190
16 2068.745999
16 2236.482348
16 2348.821307
16 2470.575966
16 2557.242409
16 2757.796080
16 2883.591706
16 2995.503245
16 3172.244351
16 3253.794046
16 3462.621123
16 3525.422056
16 3640.225159
16 3819.492746
16 3876.477611
16 4034.410449
16 4141.546216
16 4295.245903
16 4490.812940
16 4670.983409
16 4815.717390
16 4942.121446
16 5046.807481
16 5109.228223
16 5198.382924
16 5343.784062
16 5451.227911
16 5590.250818
16 5714.589821
16 5830.981808
16 5902.750905
17 138.805649
17 297.588626
17 447.099288
17 576.573612
17 709.876456
17 797.393643
17 908.394715
17 1094.697446
17 1130.316836
17 1253.429948
17 1296.103780
17 1389.869104
17 1535.535260
17 1702.882364
17 1850.579050
17 1996.449503
17 2118.023334
17 2289.326557
17 2435.927343
17 2553.932428
17 2812.647536
17 2979.647562
17 3172.479926
17 3236.102469
17 3308.682528
17 3405.743970
17 3560.085294
17 3706.281832
17 3803.199482
17 3955.045498
17 4049.131055
17 4170.407881
17 4349.308329
17 4493.014687
17 4645.447779
17 4796.397420
17 4940.311714
17 5043.744569
17 5130.890356
17 5236.417183
17 5352.225626
17 5525.889322
17 5688.098400
17 5804.553778
17 5922.792956
18 133.602410
18 219.200948
18 318.094792
18 484.793598
18 637.209332
18 672.022540
18 794.084241
18 943.016005
18 1018.469281
18 1197.286334
18 1366.118877
18 1567.089594
18 1731.692227
18 1896.146735
18 2041.025140
18 2231.613862
18 2333.308671
18 2493.456637
18 2605.524311
18 2736.925725
18 2879.899724
18 3071.366692
18 3160.098812
18 3279.866601
18 3402.630342
18 3575.589683
18 3723.805170
18 3811.377741
18 3950.908041
18 4028.433693
18 4218.349637
18 4392.433657
18 4511.067444
18 4681.444555
18 4725.678760
18 4881.369213
18 5030.393758
18 5153.170368
18 5273.350938
18 5391.528515
18 5511.747117
18 5628.915996
18 5805.646937
18 5894.252015
19 171.134062
19 264.329668
19 349.700515
19 451.586061
19 564.817978
19 753.299881
19 884.935639
19 1034.039782
19 1197.934174
19 1419.302891
19 1614.722398
19 1762.667695
19 1853.095133
19 2027.399433
19 2177.966932
19 2305.874624
19 2446.214339
19 2559.228257
19 2625.156010
19 2832.675669
19 2929.381645
19 3104.720804
19 3177.635757
19 3342.928881
19 3432.963122
19 3530.608563
19 3663.915123
19 3795.640418
19 3978.313640
19 4127.718215
19 4295.053958
19 4492.137004
19 4644.030028
19 4826.978418
19 4914.230200
19 4983.841838
19 5145.285118
19 5303.611217
19 5453.712741
19 5670.046471
19 5834.056562
19 5966.551299
20 87.372235
20 276.454641
20 424.179083
20 510.498638
20 638.448822
20 825.780059
20 986.445336
20 1106.648555
20 1228.732544
20 1340.930274
20 1538.262394
20 1632.397432
20 1800.502084
20 1884.277998
20 1958.808219
20 2099.895247
20 2238.981549
20 2364.469200
20 2465.203699
20 2603.765409
20 2757.590200
20 2839.148712
20 2980.084868
20 3070.646085
20 3236.193327
20 3305.314347
20 3464.346208
20 3638.594278
20 3740.567767
20 3876.175782
20 3986.796425
20 4084.235767
20 4233.779679
20 4427.573398
20 4561.568167
20 4723.170215
20 4894.793681
20 5030.170697
20 5209.295078
20 5393.895219
20 5529.308188
20 5652.064263
20 5730.909883
20 5884.465174
21 110.884698
21 302.206530
21 398.347454
21 635.973435
21 769.839872
21 902.697214
21 1062.306074
21 1205.294323
21 1425.633713
21 1594.428251
21 1804.717542
21 1923.201701
21 2141.725497
21 2259.183729
21 2382.230933
21 2604.735816
21 2777.281141
21 2967.591936
21 3068.537127
21 3197.621691
21 3356.827991
21 3481.613452
21 3576.263333
21 3736.439826
21 3941.057065
21 4171.787722
21 4350.357045
21 4534.704792
21 4673.804563
21 4770.865973
21 4842.711603
21 4964.230246
21 5015.130799
21 5171.642572
21 5351.179034
21 5501.788933
21 5623.429611
21 5734.630097
21 5853.107814
22 130.910116
22 244.373703
22 383.961565
22 533.465258
22 677.523952
22 792.335862
22 997.751704
22 1060.996614
22 1233.699542
22 1366.652368
22 1495.026765
22 1615.235242
22 1756.113254
22 1850.273353
22 1958.875537
22 2089.759287
22 2172.098753
22 2342.136791
22 2467.645105
22 2669.566564
22 2810.103892
22 2969.147851
22 3069.325304
22 3216.001066
22 3335.073511
22 3461.854803
22 3639.239447
22 3724.539646
22 3830.478324
22 3988.782207
22 4146.121199
22 4315.729923
22 4462.660046
22 4607.551975
22 4725.115687
22 4908.853577
22 5024.193777
22 5137.750754
22 5303.271699
22 5479.270088
22 5590.091482
22 5679.122877
22 5687.828728
22 5905.928782
23 169.514605
23 297.921010
23 479.294767
23 675.310977
23 919.465464
23 1031.348706
23 1189.116390
23 1313.371961
23 1409.774486
23 1569.088139
23 1632.991455
23 1820.595468
23 1990.707099
23 2068.522802
23 2230.251777
23 2395.516058
23 2473.407771
23 2624.606094
23 2800.004860
23 2995.550607
23 3060.873791
23 3238.294561
23 3464.588444
23 3643.810601
23 3776.566168
23 3875.456512
23 3977.583899
23 4116.183824
23 4261.196094
23 4417.882051
23 4545.159769
23 4723.729163
23 4817.168270
23 5015.346247
23 5143.559465
23 5262.343692
23 5417.857903
23 5603.080699
23 5777.430413
23 5918.902024
24 146.078729
24 296.161354
24 465.800561
24 637.340198
24 806.718243
24 908.305076
24 1073.918066
24 1199.294524
24 1348.222706
24 1434.989286
24 1601.076618
24 1760.508770
24 1888.249979
24 1957.692059
24 2054.609848
24 2238.535934
24 2387.281319
24 2580.665338
24 2726.925582
24 2902.093238
24 2995.021629
24 3072.573471
24 3296.856662
24 3498.768080
24 3652.027786
24 3778.406638
24 3909.213972
24 4085.809696
24 4195.261112
24 4366.139468
24 4432.304877
24 4630.469865
24 4697.678222
24 4840.215956
24 4986.732446
24 5112.050856
24 5306.345050
24 5476.950734
24 5671.726861
24 5851.602069
25 108.117397
25 231.007836
25 416.999717
25 445.447551
25 533.604395
25 690.779289
25 884.584798
25 1003.430668
25 1156.606529
25 1216.601429
25 1389.584510
25 1478.816762
25 1595.819065
25 1795.586976
25 2017.486787
25 2146.265217
25 2322.735528
25 2387.774946
25 2468.405480
25 2698.221780
25 2848.016510
25 3034.821036
25 3149.239368
25 3334.633280
25 3548.042966
25 3738.570065
25 3912.917940
25 3998.981040
25 4121.330996
25 4268.277432
25 4429.626527
25 4588.559762
25 4772.682419
25 4857.516320
25 5005.490617
25 5222.622969
25 5452.168654
25 5619.561964
25 5745.638404
25 5922.402086
26 141.209815
26 315.330149
26 498.360681
26 669.391463
26 821.321525
26 943.075393
26 1063.629503
26 1254.372231
26 1435.676622
26 1633.439001
26 1827.651169
26 2040.416321
26 2281.338966
26 2416.764264
26 2567.053502
26 2790.182738
26 2861.775254
26 3004.196042
26 3253.693470
26 3380.607760
26 3523.949694
26 3713.710680
26 3802.105072
26 3951.837684
26 4085.453351
26 4185.777329
26 4365.402663
26 4508.672855
26 4645.640451
26 4774.612327
26 4893.968138
26 5008.346656
26 5200.334471
26 5342.429135
26 5408.573776
26 5630.924173
26 5833.957197
27 159.214454
27 247.038366
27 336.120445
27 413.833702
27 560.120579
27 708.097785
27 1000.719222
27 1171.605223
27 1357.806707
27 1481.508880
27 1679.768208
27 1723.005428
27 1959.862423
27 2085.543794
27 2334.566681
27 2505.983017
27 2620.570712
27 2698.647555
27 2722.564681
27 2810.678970
27 2996.397724
27 3157.985687
27 3246.164937
27 3377.027004
27 3584.733746
27 3681.506061
27 3895.702566
27 4054.865344
27 4238.433684
27 4366.188086
27 4511.822842
27 4676.201401
27 4851.396686
27 4974.817118
27 5148.282694
27 5415.159265
27 5529.102903
27 5627.857778
27 5806.573781
27 5967.045492
28 150.966685
28 324.516203
28 448.098183
28 614.862865
28 753.501119
28 925.871327
28 1156.315102
28 1366.064139
28 1547.211512
28 1724.439782
28 1843.576275
28 1959.798989
28 2122.598401
28 2146.712638
28 2302.170256
28 2543.913407
28 2585.092079
28 2708.368015
28 2949.067350
28 3198.841528
28 3392.171367
28 3574.428351
28 3691.090636
28 3739.433357
28 3929.124495
28 4105.845733
28 4283.038764
28 4419.070812
28 4606.567806
28 4797.805249
28 4894.404622
28 5028.914051
28 5093.089252
28 5292.331110
28 5428.194377
28 5629.459985
28 5832.927767
29 69.366569
29 259.202842
29 516.430099
29 630.308166
29 770.708550
29 909.769499
29 1017.840011
29 1202.249733
29 1369.542736
29 1551.245894
29 1737.480410
29 1956.550460
29 2069.396419
29 2200.401451
29 2364.387611
29 2514.190899
29 2740.246432
29 3030.689691
29 3173.590550
29 3450.667080
29 3561.134934
29 3771.774417
29 3844.957067
29 3950.721555
29 4167.746465
29 4296.031995
29 4469.839573
29 4632.264213
29 4770.574183
29 5010.259691
29 5172.004758
29 5359.472247
29 5494.920418
29 5743.439226
29 5885.171746
30 185.186681
30 327.147368
30 409.761047
30 614.614979
30 709.405363
30 818.526957
30 1017.342823
30 1226.922261
30 1451.858980
30 1612.092816
30 1798.006146
30 1976.454614
30 2013.348436
30 2113.420386
30 2325.277771
30 2469.822970
30 2604.559087
30 2722.611463
30 2868.805337
30 3081.838699
30 3235.415944
30 3459.935774
30 3640.850802
30 3816.710043
30 3977.362332
30 4289.575512
30 4357.672096
30 4530.376113
30 4667.480681
30 4818.095638
30 4936.548746
30 5170.854733
30 5301.772022
30 5529.958345
30 5716.625037
30 5846.033286
31 169.279358
31 234.453912
31 374.669706
31 574.327064
31 729.502395
31 930.072608
31 1157.051688
31 1437.769584
31 1660.398933
31 1829.262546
31 1974.218497
31 2126.949663
31 2363.765189
31 2495.362887
31 2653.452764
31 2700.519098
31 2909.900419
31 3136.277163
31 3304.780479
31 3479.609983
31 3619.864861
31 3875.770352
31 4020.523170
31 4225.454137
31 4394.031618
31 4461.050548
31 4647.588428
31 4762.842958
31 4895.308409
31 5046.291168
31 5142.620200
31 5246.376258
31 5424.552440
31 5588.784537
31 5721.366680
31 5876.558806
32 207.832330
32 483.980231
32 710.990679
32 836.745252
32 939.978799
32 1071.791732
32 1305.279846
32 1409.925636
32 1566.839999
32 1738.264134
32 1896.311674
32 2040.718947
32 2250.579211
32 2383.726344
32 2593.264909
32 2756.217783
32 2957.840791
32 3226.784457
32 3407.315168
32 3575.716997
32 3773.737452
32 3867.818634
32 4085.993715
32 4278.595510
32 4511.961986
32 4697.214293
32 4862.856814
32 5061.888105
32 5255.729095
32 5402.050995
32 5604.979956
32 5742.838774
32 5832.177441
32 5986.537327
33 145.932022
33 342.487800
33 484.051431
33 755.323731
33 890.811975
33 1018.970507
33 1157.359530
33 1311.244412
33 1391.776805
33 1535.113884
33 1678.463810
33 1871.245047
33 2057.435338
33 2283.689972
33 2417.462439
33 2576.987990
33 2736.660355
33 2969.536021
33 3032.110800
33 3146.178554
33 3341.960284
33 3497.567596
33 3741.915622
33 3891.329716
33 4120.617700
33 4335.922547
33 4564.943434
33 4677.766759
33 4882.805451
33 5028.934212
33 5262.341277
33 5380.747463
33 5615.223225
33 5753.246078
33 5809.480619
33 5983.737675
34 211.159506
34 329.167504
34 374.590715
34 669.999558
34 788.297894
34 956.692086
34 1115.460586
34 1214.393467
34 1330.486525
34 1539.616054
34 1650.855923
34 1835.563196
34 2050.420002
34 2230.667228
34 2411.576679
34 2558.210551
34 2724.696118
34 2930.871262
34 3134.269578
34 3229.781619
34 3374.627610
34 3532.124803
34 3771.385070
34 3976.613887
34 4148.246160
34 4361.940882
34 4533.646173
34 4722.733136
34 4946.197603
34 5125.929042
34 5321.001956
34 5527.910576
34 5777.597159
34 5970.032978
35 221.071624
35 431.511966
35 687.305619
35 869.741151
35 1166.077711
35 1327.384229
35 1606.156072
35 1851.589071
35 2050.428869
35 2258.068899
35 2445.920365
35 2620.569631
35 2810.802634
35 2921.549951
35 3073.728029
35 3209.019812
35 3404.639960
35 3620.663393
35 3858.830691
35 3989.867388
35 4168.650284
35 4189.682866
35 4337.265763
35 4608.504915
35 4820.544408
35 4983.739149
35 5125.684455
35 5325.672754
35 5501.311687
35 5717.130035
35 5926.679963
35 5949.298485
36 249.750818
36 533.852091
36 699.334293
36 899.623847
36 944.540654
36 1039.221602
36 1110.633603
36 1218.611755
36 1392.363598
36 1599.607506
36 1895.921791
36 2036.739127
36 2281.530014
36 2490.269238
36 2758.212477
36 2931.051698
36 3133.540108
36 3260.634159
36 3577.821325
36 3708.356341
36 4024.645866
36 4235.062924
36 4466.032600
36 4686.874865
36 4947.572771
36 5234.468612
36 5479.390705
36 5761.715486
36 5916.592735
37 210.697827
37 356.813652
37 512.633052
37 753.247342
37 936.232791
37 1091.156995
37 1312.502105
37 1549.741266
37 1632.123681
37 1758.442621
37 1940.669700
37 2145.954256
37 2280.619732
37 2477.909069
37 2728.185733
37 2884.683401
37 3090.970267
37 3353.310148
37 3532.574313
37 3604.091223
37 3737.903960
37 4024.514669
37 4205.117952
37 4479.409171
37 4733.375135
37 4975.579654
37 5228.865053
37 5363.138020
37 5478.473339
37 5688.902023
37 5846.068241
37 5945.628768
38 117.977934
38 305.429425
38 489.618886
38 681.131545
38 898.490847
38 1153.409146
38 1435.125335
38 1568.094399
38 1728.001852
38 1956.557651
38 2199.519763
38 2472.709531
38 2652.538642
38 2813.080203
38 3069.824740
38 3279.400749
38 3497.452199
38 3724.550733
38 3920.032628
38 4146.032672
38 4430.370740
38 4586.608498
38 4816.073727
38 4983.857806
38 5238.178100
38 5367.319260
38 5568.286587
38 5777.743285
39 190.754311
39 386.472790
39 519.293387
39 708.275922
39 868.241788
39 1052.292234
39 1214.218826
39 1484.657821
39 1604.049368
39 1798.424647
39 2051.725779
39 2321.151498
39 2413.095738
39 2643.785275
39 2839.844939
39 3060.642113
39 3215.654670
39 3480.281342
39 3558.832340
39 3777.971000
39 4024.452686
39 4169.683615
39 4490.083479
39 4557.213630
39 4757.618721
39 4895.621485
39 5109.049572
39 5350.355220
39 5613.282082
39 5855.806301
39 5986.995143
40 295.583278
40 541.388340
40 855.410858
40 1042.123463
40 1231.668570
40 1506.500573
40 1711.486418
40 1885.185758
40 2038.517858
40 2229.840371
40 2438.178088
40 2660.281693
40 2868.436568
40 3067.024471
40 3386.731095
40 3681.128860
40 3699.887523
40 3971.670292
40 4185.570407
40 4367.017389
40 4534.275771
40 4738.158510
40 4877.971685
40 5064.368200
40 5345.782567
40 5601.985121
40 5650.544481
40 5999.308246
41 106.012882
41 236.766508
41 513.911662
41 843.821997
41 1059.715496
41 1320.460750
41 1445.352776
41 1553.089486
41 1759.483950
41 1958.075505
41 2140.252104
41 2229.607837
41 2448.745850
41 2632.117269
41 2927.595439
41 3130.276858
41 3385.945471
41 3622.637867
41 3852.367934
41 4077.199601
41 4294.712671
41 4411.270073
41 4630.464272
41 4795.407129
41 4941.160131
41 5349.472483
41 5713.682171
41 5875.910809
42 293.768675
42 538.407464
42 767.168758
42 963.895834
42 1152.245715
42 1369.510598
42 1616.659758
42 1866.757655
42 2239.777717
42 2585.644080
42 2868.910984
42 3147.148727
42 3357.497819
42 3511.313932
42 3739.632745
42 4140.207674
42 4424.241376
42 4463.815837
42 4641.152137
42 4873.742439
42 5101.001716
42 5191.606334
42 5413.652457
42 5665.793651
42 5946.627580
43 321.009317
43 612.645365
43 824.649903
43 1069.120179
43 1334.686716
43 1602.144239
43 1788.907407
43 2039.478465
43 2234.567071
43 2515.210760
43 2785.765506
43 3032.365956
43 3280.957661
43 3512.635322
43 3739.253492
43 3875.228683
43 4114.130933
43 4315.597282
43 4589.158391
43 4921.813557
43 5099.176332
43 5533.561563
43 5777.637680
44 131.396615
44 389.087789
44 503.956476
44 707.676581
44 1063.560134
44 1215.419789
44 1540.151974
44 1779.856900
44 1957.785954
44 2070.364793
44 2324.930099
44 2564.060567
44 2787.045643
44 2954.432182
44 3186.573000
44 3453.432141
44 3631.277797
44 3836.481614
44 3988.615204
44 4413.254266
44 4746.449656
44 4975.847948
44 5309.102949
44 5562.494425
44 5741.305153
44 5941.372511
45 280.461233
45 552.178097
45 795.653737
45 1063.973739
45 1229.316081
45 1526.775398
45 1747.175063
45 1988.644406
45 2275.919663
45 2582.455580
45 2882.998475
45 3103.031353
45 3382.547388
45 3532.728499
45 3760.167980
45 4073.314563
45 4333.558600
45 4724.610889
45 4995.476663
45 5309.376896
45 5659.477329
45 5779.066439
45 5952.524781
46 235.402786
46 515.086919
46 664.636319
46 793.163951
46 987.613299
46 1323.541913
46 1778.393446
46 2141.684067
46 2365.263632
46 2571.496079
46 2856.187325
46 3060.328703
46 3410.744635
46 3680.236346
46 4132.733213
46 4363.636223
46 4665.311119
46 5014.650026
46 5347.131096
46 5530.780969
46 5598.819534
46 5946.066719
47 397.579687
47 789.983463
47 1026.734813
47 1391.431765
47 1594.105334
47 1896.913424
47 2232.912621
47 2597.975443
47 2789.237626
47 3126.782332
47 3233.966946
47 3638.451394
47 3832.302816
47 4145.569337
47 4463.297628
47 4632.786348
47 4880.286887
47 5112.451773
47 5436.840327
47 5808.270103
48 506.674043
48 736.231741
48 1086.575514
48 1337.489888
48 1738.738157
48 2070.817385
48 2330.059639
48 2577.828959
48 2790.014804
48 3171.569581
48 3585.170068
48 3823.290606
48 4004.916507
48 4434.040035
48 4794.388547
48 5321.301656
48 5559.492236
48 5836.248554
49 481.292216
49 867.773105
49 1197.348011
49 1598.279457
49 2001.475621
49 2388.674434
49 2620.636611
49 3032.716882
49 3387.386587
49 3662.659662
49 3976.871564
49 4364.622051
49 4562.542636
49 4814.614151
49 5049.741677
49 5200.134076
49 5373.493337
49 5756.194162
