1 64.967176
1 152.483856
1 271.752143
1 321.003801
1 401.199182
1 507.695689
1 626.371682
1 734.055256
1 800.749566
1 886.607497
1 956.119284
1 1078.781559
1 1175.479520
1 1259.525254
1 1321.980720
1 1372.953817
1 1464.674685
1 1543.987256
1 1630.513750
1 1693.732488
1 1750.763028
1 1860.891954
1 1985.050033
1 2055.188815
1 2138.108679
1 2235.429382
1 2307.845866
1 2389.503085
1 2481.860974
1 2615.295765
1 2673.955264
1 2768.220606
1 2871.485944
1 2958.824635
1 3069.403264
1 3197.333040
1 3327.117371
1 3430.473751
1 3527.706973
1 3607.551536
1 3717.337938
1 3744.639769
1 3822.867657
1 3922.550719
1 4018.137770
1 4058.165446
1 4155.452030
1 4204.378497
1 4268.101004
1 4366.251911
1 4412.765232
1 4498.017145
1 4556.303030
1 4690.972129
1 4771.288522
1 4864.465836
1 4938.097277
1 5027.572503
1 5127.518925
1 5237.554034
1 5303.761726
1 5405.191359
1 5503.857487
1 5593.887896
1 5659.016547
1 5693.560028
1 5811.795664
1 5852.015547
1 5955.664716
1 5974.953779
2 99.293068
2 152.584205
2 243.263142
2 361.712852
2 465.303048
2 545.004477
2 599.025269
2 665.758315
2 727.013673
2 757.271660
2 822.431549
2 896.612141
2 995.781415
2 1047.400288
2 1130.693324
2 1238.263911
2 1362.195153
2 1420.659982
2 1516.387735
2 1589.438527
2 1665.186678
2 1760.791125
2 1825.871056
2 1903.258666
2 2003.813808
2 2109.596089
2 2191.796378
2 2269.633857
2 2351.963728
2 2401.997077
2 2480.480521
2 2541.585402
2 2653.774486
2 2737.773436
2 2836.676062
2 2891.876358
2 2963.692895
2 3053.149893
2 3129.777525
2 3228.837875
2 3285.174942
2 3325.786976
2 3431.289725
2 3527.228830
2 3572.584739
2 3639.441345
2 3712.453927
2 3782.400084
2 3850.398830
2 3896.979841
2 3993.467708
2 4070.809132
2 4187.193979
2 4250.153361
2 4339.958203
2 4409.996976
2 4446.793710
2 4535.915163
2 4607.673084
2 4648.995837
2 4713.009599
2 4820.526429
2 4898.526925
2 5025.876572
2 5056.493217
2 5172.182316
2 5193.210594
2 5269.939988
2 5303.590310
2 5375.086872
2 5434.051220
2 5496.040133
2 5559.379260
2 5654.710697
2 5748.385925
2 5819.871168
2 5896.379720
3 117.801879
3 228.736691
3 323.710540
3 421.242668
3 469.862908
3 540.843968
3 666.743931
3 773.982284
3 850.052687
3 928.145688
3 979.794465
3 1059.618029
3 1158.225107
3 1241.416782
3 1349.169656
3 1434.959067
3 1470.554763
3 1544.016511
3 1616.288667
3 1726.762280
3 1842.635004
3 1930.365532
3 2003.022673
3 2047.460939
3 2140.382285
3 2213.075122
3 2293.577367
3 2350.919668
3 2402.930709
3 2523.859791
3 2593.758660
3 2697.883641
3 2759.179501
3 2812.037751
3 2894.128377
3 2948.065080
3 3038.288604
3 3109.670678
3 3213.160933
3 3284.109989
3 3365.433836
3 3484.660448
3 3493.563297
3 3557.569503
3 3637.637755
3 3762.695305
3 3831.246923
3 3943.863480
3 3996.471966
3 4098.599343
3 4154.088811
3 4240.661941
3 4287.801018
3 4406.887173
3 4490.535671
3 4536.599419
3 4634.049003
3 4688.624623
3 4716.127440
3 4819.873065
3 4978.164096
3 5062.846437
3 5150.152032
3 5238.985250
3 5324.230590
3 5385.020844
3 5501.977705
3 5635.487354
3 5688.861885
3 5774.218476
3 5809.696349
3 5898.285039
3 5939.176755
4 114.162119
4 125.146549
4 152.454833
4 205.383166
4 268.881217
4 328.655663
4 431.180444
4 494.343351
4 562.694132
4 691.667398
4 776.088068
4 842.676266
4 978.286245
4 1050.687412
4 1167.306367
4 1264.722103
4 1348.551673
4 1426.183443
4 1519.357427
4 1611.929033
4 1780.451507
4 1879.189090
4 1930.266181
4 2021.450636
4 2076.833883
4 2174.021707
4 2233.277380
4 2311.573363
4 2371.130603
4 2425.636658
4 2545.986245
4 2672.581295
4 2751.548393
4 2834.149336
4 2952.409390
4 3043.307638
4 3131.080021
4 3216.685902
4 3283.337117
4 3387.591347
4 3464.156111
4 3521.027485
4 3591.016901
4 3704.148737
4 3783.779605
4 3878.325398
4 3960.394040
4 4025.945172
4 4070.425328
4 4189.093141
4 4295.808286
4 4411.921779
4 4534.071594
4 4585.967526
4 4677.917898
4 4734.677313
4 4821.995278
4 4897.823314
4 4976.418786
4 5088.764914
4 5194.510819
4 5269.968385
4 5320.284746
4 5373.170235
4 5441.199242
4 5535.398523
4 5657.640907
4 5746.137957
4 5802.523991
4 5856.842097
4 5991.581463
5 99.598121
5 184.831900
5 261.643056
5 348.894757
5 382.038594
5 426.756694
5 504.339269
5 642.153374
5 688.452028
5 797.840945
5 842.305257
5 920.429622
5 969.636326
5 1056.669530
5 1125.025503
5 1224.427363
5 1310.535918
5 1406.442892
5 1466.671529
5 1546.384644
5 1659.116784
5 1686.985987
5 1785.408164
5 1803.247687
5 1872.418672
5 1946.275335
5 2017.232409
5 2106.305408
5 2193.905541
5 2271.072805
5 2319.481506
5 2399.980541
5 2465.309166
5 2544.319452
5 2596.879422
5 2675.176256
5 2768.106498
5 2862.909254
5 2934.480926
5 3027.920687
5 3051.248476
5 3153.491695
5 3245.833386
5 3324.165171
5 3393.853669
5 3482.594444
5 3556.407080
5 3637.258220
5 3735.303864
5 3828.560525
5 3902.342272
5 3978.518027
5 4063.884735
5 4159.298869
5 4216.320468
5 4268.175359
5 4344.717366
5 4411.407524
5 4469.293632
5 4585.470768
5 4628.782792
5 4735.318955
5 4822.222520
5 4966.863497
5 5047.377330
5 5131.755375
5 5236.281072
5 5323.986893
5 5383.265912
5 5482.085833
5 5532.758824
5 5558.348300
5 5639.950717
5 5691.224146
5 5756.772970
5 5830.965052
5 5914.555895
5 5976.627929
6 31.853685
6 154.902678
6 267.672941
6 374.806740
6 442.226173
6 547.105383
6 592.003016
6 680.177527
6 752.624419
6 825.609409
6 914.166094
6 956.957407
6 1043.230390
6 1131.556402
6 1248.580755
6 1333.159169
6 1427.714620
6 1519.002677
6 1604.252263
6 1723.600289
6 1746.608168
6 1882.356200
6 1965.494522
6 2083.205273
6 2154.653134
6 2225.905483
6 2339.295539
6 2403.942548
6 2512.481772
6 2566.885966
6 2616.020165
6 2744.437495
6 2812.092357
6 2850.394467
6 2950.256586
6 3078.391358
6 3185.005636
6 3285.327122
6 3380.479136
6 3431.208208
6 3462.999971
6 3528.629817
6 3603.215870
6 3690.396229
6 3803.618169
6 3924.814583
6 3996.645053
6 4078.218419
6 4155.930786
6 4300.831112
6 4383.796046
6 4490.145157
6 4561.678763
6 4631.934329
6 4704.469199
6 4741.022902
6 4798.950269
6 4936.484356
6 5036.349794
6 5076.593548
6 5207.965653
6 5267.118984
6 5328.770833
6 5364.056120
6 5435.893639
6 5497.649037
6 5608.477798
6 5697.296107
6 5728.182765
6 5783.794097
6 5839.209737
6 5886.566782
6 5995.040091
7 89.087213
7 152.063959
7 243.960655
7 373.416905
7 483.806619
7 544.777597
7 626.190138
7 729.884557
7 824.230224
7 893.423489
7 1023.235771
7 1096.846603
7 1180.455669
7 1273.785590
7 1306.302454
7 1348.556259
7 1422.568366
7 1483.635478
7 1612.572863
7 1718.744081
7 1726.839228
7 1847.683848
7 1933.993241
7 2004.698278
7 2115.920969
7 2192.527137
7 2269.797552
7 2351.453901
7 2390.933322
7 2435.738111
7 2496.154690
7 2608.268980
7 2709.482074
7 2774.279946
7 2879.094626
7 2989.311557
7 3126.828349
7 3264.322599
7 3285.589812
7 3368.387774
7 3512.122407
7 3601.521844
7 3653.125621
7 3759.599279
7 3869.928308
7 3966.880415
7 4064.956479
7 4102.937331
7 4205.650865
7 4297.238074
7 4345.704230
7 4475.787859
7 4554.686643
7 4653.840105
7 4781.549003
7 4918.904508
7 5026.543821
7 5091.442588
7 5194.660132
7 5304.236554
7 5426.283766
7 5534.043559
7 5609.076387
7 5668.836814
7 5781.887097
7 5870.894612
7 5975.656865
8 79.004375
8 205.626947
8 271.461997
8 365.869561
8 418.709336
8 543.447614
8 600.437216
8 735.947307
8 853.291287
8 929.567108
8 1022.263697
8 1134.006905
8 1277.485824
8 1360.488405
8 1435.089711
8 1493.669310
8 1546.731100
8 1632.218796
8 1695.627540
8 1827.681626
8 1932.155489
8 2007.664132
8 2099.246888
8 2167.374199
8 2291.395098
8 2340.828659
8 2441.918372
8 2520.678327
8 2572.552845
8 2651.648650
8 2772.514662
8 2840.601195
8 2906.267229
8 2989.867207
8 3102.451460
8 3154.115071
8 3286.162834
8 3387.633801
8 3470.971114
8 3527.232204
8 3597.881851
8 3667.326582
8 3714.308628
8 3783.542966
8 3850.807064
8 3919.031122
8 3979.782582
8 4068.997980
8 4155.795557
8 4281.649655
8 4407.739961
8 4489.692905
8 4536.112848
8 4601.459315
8 4710.559314
8 4822.594968
8 4946.219662
8 5029.064707
8 5105.645467
8 5192.941352
8 5258.628828
8 5366.422540
8 5450.799495
8 5514.688434
8 5622.354517
8 5725.208549
8 5822.528046
8 5901.241356
9 110.750962
9 206.387737
9 295.340959
9 348.803576
9 452.833768
9 545.752607
9 616.567834
9 709.242653
9 753.925519
9 844.179200
9 969.891202
9 1078.360421
9 1181.800304
9 1307.193457
9 1381.100195
9 1434.429894
9 1540.728075
9 1618.959095
9 1751.027193
9 1843.549372
9 1881.667810
9 1976.500504
9 2049.986836
9 2125.178314
9 2211.269789
9 2289.759328
9 2384.662429
9 2482.213330
9 2566.332298
9 2643.888341
9 2699.140659
9 2775.010087
9 2864.558849
9 2950.679910
9 3086.167433
9 3185.601861
9 3263.626825
9 3302.323816
9 3392.863029
9 3514.918653
9 3603.478798
9 3663.881195
9 3718.237218
9 3817.962152
9 3898.818129
9 3983.961863
9 4070.947132
9 4158.579443
9 4208.326657
9 4322.257151
9 4408.392058
9 4491.671778
9 4603.069956
9 4678.779704
9 4783.213240
9 4845.201531
9 4933.397132
9 5013.814410
9 5107.828498
9 5167.766541
9 5270.961446
9 5365.603345
9 5440.816437
9 5576.616253
9 5690.775330
9 5775.780103
9 5852.344277
9 5896.077667
10 37.692241
10 118.805725
10 247.951674
10 303.891514
10 374.514165
10 493.680049
10 561.086797
10 640.312261
10 669.506138
10 770.081487
10 843.003945
10 954.025630
10 1030.811279
10 1106.457853
10 1159.645867
10 1224.680277
10 1316.082434
10 1406.442609
10 1489.246407
10 1541.302206
10 1633.414596
10 1724.007680
10 1806.420922
10 1879.417848
10 1970.520928
10 2039.793680
10 2130.036367
10 2249.485985
10 2371.188725
10 2457.580787
10 2511.545456
10 2575.062861
10 2637.993821
10 2716.573407
10 2771.718341
10 2864.334387
10 2963.977933
10 3107.441767
10 3147.383375
10 3283.930548
10 3352.378199
10 3413.022058
10 3460.989788
10 3542.591239
10 3577.484209
10 3716.494400
10 3793.543507
10 3897.728775
10 3980.377544
10 4072.061329
10 4131.615037
10 4207.843942
10 4324.890670
10 4382.518073
10 4407.609470
10 4491.777102
10 4628.057512
10 4670.471438
10 4761.988893
10 4871.431802
10 4953.212091
10 5050.763270
10 5140.281891
10 5224.935304
10 5305.534442
10 5466.290099
10 5554.450259
10 5637.227831
10 5728.355254
10 5815.144478
10 5900.465461
10 5975.167441
11 79.801885
11 169.312283
11 308.146842
11 460.363299
11 578.975904
11 692.691944
11 730.386608
11 830.187354
11 896.988526
11 927.931276
11 1023.844115
11 1106.490844
11 1194.768901
11 1284.441376
11 1393.486243
11 1486.074473
11 1574.591195
11 1690.204482
11 1833.705600
11 1923.474453
11 2045.045188
11 2080.574673
11 2173.628455
11 2233.147333
11 2341.098593
11 2415.472812
11 2549.437186
11 2615.933487
11 2693.667742
11 2785.554425
11 2834.272876
11 2929.002841
11 3010.240816
11 3168.578013
11 3285.275016
11 3389.525633
11 3498.014697
11 3592.313843
11 3701.648928
11 3759.447004
11 3830.707234
11 3946.501002
11 4050.915926
11 4157.356385
11 4240.301426
11 4346.463977
11 4418.555574
11 4502.173873
11 4564.855672
11 4648.570963
11 4735.191735
11 4820.998237
11 4927.766696
11 5027.376010
11 5109.330251
11 5207.945419
11 5302.840667
11 5376.488102
11 5485.262484
11 5566.690821
11 5659.206796
11 5727.943403
11 5821.612695
11 5898.796968
11 5992.394046
12 117.650592
12 206.565566
12 269.570104
12 347.446121
12 480.021430
12 562.436574
12 627.068184
12 756.980807
12 816.892500
12 953.241969
12 1003.594067
12 1082.351538
12 1205.721449
12 1248.369763
12 1351.703549
12 1427.082595
12 1540.256606
12 1668.640167
12 1790.987456
12 1890.549911
12 1977.352244
12 2048.866225
12 2092.211890
12 2153.491735
12 2253.432166
12 2339.522106
12 2425.571179
12 2519.076965
12 2570.218653
12 2637.634020
12 2740.506291
12 2812.944683
12 2930.958866
12 3032.170368
12 3114.829402
12 3199.745701
12 3262.267663
12 3345.248874
12 3463.870696
12 3495.477995
12 3577.242871
12 3607.902443
12 3677.817793
12 3770.267170
12 3883.749603
12 3985.793905
12 4082.825132
12 4155.914524
12 4265.435960
12 4380.846510
12 4473.021085
12 4636.310292
12 4737.714774
12 4898.516524
12 4923.466119
12 4966.895795
12 5038.504443
12 5143.167317
12 5235.995458
12 5308.029385
12 5387.782655
12 5474.801995
12 5557.042971
12 5678.360029
12 5783.143586
12 5872.026607
12 5984.367309
13 95.056709
13 151.986811
13 210.772225
13 304.661916
13 400.423299
13 511.611613
13 599.147112
13 680.805006
13 797.523692
13 889.618622
13 972.039812
13 1012.313313
13 1133.478045
13 1220.486163
13 1251.336270
13 1334.230199
13 1434.350063
13 1483.455419
13 1614.875324
13 1726.718489
13 1848.660444
13 1966.977765
13 2079.723167
13 2175.883871
13 2302.140061
13 2372.753390
13 2482.421914
13 2571.200353
13 2651.383133
13 2738.759723
13 2871.718787
13 2928.489278
13 3012.354634
13 3081.607540
13 3203.173302
13 3325.308045
13 3366.348804
13 3463.212565
13 3524.967467
13 3637.076061
13 3760.150469
13 3846.412716
13 3944.067597
13 3998.104146
13 4094.093010
13 4206.992155
13 4281.514860
13 4346.788482
13 4438.625999
13 4519.814903
13 4608.894854
13 4710.808028
13 4778.137265
13 4897.764085
13 5019.000212
13 5081.043123
13 5137.876876
13 5205.704922
13 5281.086565
13 5407.867778
13 5500.964965
13 5593.460596
13 5702.569659
13 5849.940983
13 5977.346276
14 70.287961
14 186.279128
14 305.595787
14 374.755418
14 462.871155
14 544.443074
14 589.453287
14 728.997998
14 793.534325
14 911.932278
14 960.963276
14 1078.443400
14 1132.655844
14 1188.222540
14 1287.957420
14 1376.534898
14 1487.078926
14 1613.963765
14 1723.990344
14 1844.887703
14 1947.411410
14 2070.048771
14 2138.713940
14 2175.530154
14 2284.091221
14 2402.214567
14 2483.970260
14 2636.962228
14 2751.790366
14 2836.344207
14 2897.344930
14 2963.376609
14 3085.539955
14 3186.533475
14 3242.608562
14 3326.460677
14 3452.620746
14 3559.072144
14 3638.714745
14 3718.135216
14 3785.170407
14 3924.687528
14 3987.532380
14 4098.438708
14 4157.804642
14 4202.963583
14 4282.073684
14 4388.960422
14 4474.559490
14 4533.547626
14 4627.647533
14 4733.801742
14 4800.429639
14 4879.990503
14 4966.795437
14 5040.820432
14 5095.476595
14 5192.901436
14 5308.469593
14 5391.587089
14 5480.676028
14 5557.929681
14 5611.563674
14 5727.322873
14 5839.047617
14 5927.828035
15 114.026572
15 202.200598
15 324.557096
15 445.120329
15 538.777217
15 628.005224
15 688.598706
15 776.523017
15 881.606165
15 954.675773
15 1081.630182
15 1159.050218
15 1300.849212
15 1391.541258
15 1464.306242
15 1588.984435
15 1676.183428
15 1826.167863
15 1924.608101
15 2071.363105
15 2149.475748
15 2296.508771
15 2370.977459
15 2452.098365
15 2603.211696
15 2696.251442
15 2832.636441
15 2910.634921
15 2989.658215
15 3104.192980
15 3174.104307
15 3243.416253
15 3344.281981
15 3483.906462
15 3635.128848
15 3758.774241
15 3869.296987
15 3962.856201
15 4026.845542
15 4074.210962
15 4142.790633
15 4185.317853
15 4295.190225
15 4411.385037
15 4508.718598
15 4588.912228
15 4657.257185
15 4740.331384
15 4862.438277
15 4948.036916
15 5015.371323
15 5105.634157
15 5196.490587
15 5301.640826
15 5383.658096
15 5500.437081
15 5550.940884
15 5663.016661
15 5759.104511
15 5819.673096
15 5908.320428
16 61.802169
16 133.441175
16 205.224627
16 269.682573
16 381.705784
16 466.687522
16 594.643268
16 689.248730
16 795.583549
16 870.887599
16 957.475069
16 1041.577766
16 1112.558077
16 1228.272529
16 1290.985344
16 1352.376613
16 1469.536157
16 1567.467374
16 1678.700336
16 1768.911284
16 1881.843256
16 1941.483680
16 2067.683277
16 2138.307043
16 2215.450372
16 2326.328097
16 2445.215706
16 2514.453394
16 2558.060478
16 2578.097805
16 2721.586124
16 2835.946907
16 2926.649507
16 3012.859872
16 3135.550455
16 3262.023830
16 3419.556933
16 3491.746121
16 3593.540822
16 3673.712872
16 3735.913608
16 3851.816307
16 3888.789307
16 4000.983093
16 4110.742343
16 4157.271966
16 4263.585392
16 4367.888718
16 4407.972180
16 4519.745991
16 4632.916599
16 4759.086422
16 4801.234179
16 4918.755041
16 5061.718526
16 5169.957408
16 5266.789430
16 5335.516496
16 5392.712918
16 5482.140217
16 5575.704883
16 5676.801632
16 5758.923628
16 5881.479524
16 5934.428670
17 89.074049
17 171.398421
17 267.861591
17 376.266447
17 489.106146
17 589.368441
17 642.977188
17 746.991003
17 843.242059
17 952.035150
17 1073.262759
17 1158.460817
17 1220.736483
17 1342.033337
17 1424.078202
17 1521.273320
17 1579.732752
17 1680.110893
17 1782.357991
17 1884.115089
17 1910.481526
17 1970.971025
17 2088.926583
17 2184.320040
17 2308.341165
17 2405.783544
17 2508.087985
17 2567.091710
17 2618.193625
17 2774.484908
17 2900.636363
17 2995.427803
17 3087.901403
17 3160.366562
17 3264.029371
17 3344.126747
17 3452.094193
17 3495.835453
17 3637.318312
17 3666.024804
17 3760.115986
17 3851.401187
17 3923.852851
17 4056.375283
17 4187.873859
17 4300.713992
17 4411.315284
17 4539.216348
17 4610.621677
17 4680.506160
17 4803.442550
17 4819.431395
17 4871.211890
17 4966.364097
17 5107.330638
17 5166.457981
17 5266.147298
17 5299.151945
17 5428.226109
17 5471.369762
17 5532.955718
17 5659.685321
17 5806.400557
17 5896.834723
17 5998.777773
18 59.316014
18 169.706141
18 293.337179
18 399.505562
18 492.096150
18 594.996851
18 739.426364
18 863.428924
18 971.941548
18 1026.784930
18 1106.633445
18 1198.393027
18 1314.277293
18 1413.458806
18 1520.232459
18 1592.199534
18 1668.179314
18 1820.289469
18 1952.823186
18 2059.493934
18 2139.835664
18 2252.477645
18 2336.730663
18 2418.688317
18 2542.148357
18 2648.592410
18 2755.629968
18 2850.713570
18 2926.561047
18 3012.240353
18 3109.087968
18 3242.392832
18 3344.104814
18 3480.512874
18 3612.566667
18 3755.561726
18 3854.261153
18 3943.258931
18 4073.456728
18 4132.649010
18 4206.916633
18 4365.648570
18 4456.330008
18 4535.599489
18 4660.880535
18 4716.201102
18 4821.372368
18 4896.770151
18 4956.317770
18 5064.732019
18 5154.395008
18 5236.423500
18 5324.833071
18 5387.144203
18 5471.112890
18 5591.266155
18 5691.315731
18 5721.590219
18 5858.557921
18 5976.820757
19 90.236258
19 153.490276
19 208.832068
19 242.149523
19 347.495150
19 439.921113
19 621.710704
19 727.872770
19 843.161341
19 926.324870
19 1043.954081
19 1071.448905
19 1220.990062
19 1309.682506
19 1450.356706
19 1556.848240
19 1615.325161
19 1676.540112
19 1691.398506
19 1748.141506
19 1882.264334
19 1961.901608
19 2016.682522
19 2095.172451
19 2233.538339
19 2293.147398
19 2422.111461
19 2517.659452
19 2617.606942
19 2713.081895
19 2794.019811
19 2905.085458
19 3013.924645
19 3090.598965
19 3198.363579
19 3364.159302
19 3433.004062
19 3496.297179
19 3608.347238
19 3706.479808
19 3827.636595
19 3919.589587
19 4025.605418
19 4100.630737
19 4187.264207
19 4299.641441
19 4391.736191
19 4534.883401
19 4653.523130
19 4770.316525
19 4878.301071
19 4950.890506
19 5010.614149
19 5120.897681
19 5153.041536
19 5229.182652
19 5365.388817
19 5402.693412
19 5477.804995
19 5624.462232
19 5776.648738
19 5896.912091
20 77.435316
20 111.960632
20 224.168926
20 333.106979
20 442.335865
20 526.191471
20 640.678984
20 759.863486
20 816.195558
20 895.805832
20 941.683448
20 1081.060831
20 1132.228491
20 1272.323864
20 1405.191903
20 1575.863439
20 1611.352726
20 1726.070674
20 1881.118346
20 1956.625175
20 2037.727443
20 2125.457867
20 2193.722490
20 2302.155747
20 2393.728122
20 2511.737843
20 2621.574125
20 2756.373494
20 2831.079776
20 2904.778079
20 2988.703734
20 3110.622439
20 3240.836699
20 3389.727186
20 3494.596156
20 3660.505926
20 3717.123315
20 3851.183521
20 3898.710758
20 3945.692861
20 4087.709205
20 4178.004222
20 4281.139777
20 4374.351458
20 4457.909510
20 4602.712188
20 4692.919897
20 4821.620876
20 4895.513249
20 5045.652443
20 5131.278180
20 5241.678671
20 5351.207659
20 5425.780783
20 5484.068433
20 5598.285704
20 5661.341452
20 5726.134809
20 5852.207391
20 5975.771816
21 105.245059
21 207.300453
21 306.835471
21 351.263413
21 397.048020
21 522.996475
21 609.540758
21 689.928812
21 760.894098
21 848.425500
21 975.976048
21 1083.511526
21 1198.812553
21 1311.049835
21 1434.754525
21 1519.436320
21 1699.090454
21 1748.809092
21 1843.266222
21 1928.872972
21 2015.533997
21 2097.383808
21 2208.780008
21 2305.128019
21 2435.612839
21 2559.133546
21 2630.996334
21 2757.456232
21 2846.709726
21 2884.890973
21 2961.760099
21 3080.081608
21 3174.905515
21 3285.339775
21 3433.178549
21 3593.258747
21 3720.426418
21 3819.178648
21 3897.543744
21 3993.572866
21 4131.439283
21 4209.400601
21 4302.014485
21 4323.427016
21 4452.249365
21 4584.568165
21 4683.582182
21 4786.002653
21 4868.168250
21 5025.686208
21 5102.886141
21 5240.304580
21 5303.486259
21 5369.177434
21 5470.240148
21 5532.867830
21 5611.235733
21 5703.152468
21 5757.370543
21 5821.028373
21 5925.409430
22 71.484424
22 151.826566
22 253.652399
22 374.119708
22 540.021981
22 665.839086
22 738.748630
22 798.601013
22 875.023051
22 996.557104
22 1079.183758
22 1158.968641
22 1254.591139
22 1347.414493
22 1449.443443
22 1558.456311
22 1640.487226
22 1757.137420
22 1851.613664
22 1968.509942
22 2124.437155
22 2236.879285
22 2326.740036
22 2439.495999
22 2484.826239
22 2615.127685
22 2738.918357
22 2869.552863
22 2987.399781
22 3077.763065
22 3188.387095
22 3287.203893
22 3391.913908
22 3496.330587
22 3573.919159
22 3634.982737
22 3713.159548
22 3869.349370
22 3951.952252
22 4063.248172
22 4152.779862
22 4290.639743
22 4364.184299
22 4446.293463
22 4539.109457
22 4607.784590
22 4654.817255
22 4732.120561
22 4822.849821
22 4929.894438
22 5037.359745
22 5151.022236
22 5238.162557
22 5328.490825
22 5415.294850
22 5559.199459
22 5575.229149
22 5656.849479
22 5761.641638
22 5851.514083
22 5982.442732
23 131.531072
23 245.693635
23 400.848891
23 441.771912
23 563.753128
23 665.711243
23 778.245144
23 843.205872
23 981.082974
23 1067.732462
23 1099.979148
23 1199.045776
23 1272.667686
23 1390.775160
23 1462.975623
23 1479.715681
23 1647.478142
23 1720.795580
23 1828.544020
23 1896.696085
23 1952.045145
23 2016.994650
23 2133.994405
23 2196.228741
23 2299.565203
23 2424.946613
23 2520.610386
23 2618.378460
23 2710.370067
23 2795.567630
23 2914.718831
23 3022.402352
23 3079.575633
23 3154.226175
23 3246.991572
23 3379.031557
23 3500.879237
23 3593.420459
23 3715.571810
23 3809.036624
23 3925.819383
23 4028.714238
23 4132.155649
23 4281.544708
23 4365.288493
23 4502.823065
23 4603.379746
23 4705.905114
23 4820.608670
23 4941.150952
23 5080.617224
23 5171.251302
23 5341.657944
23 5423.773281
23 5573.842675
23 5704.584303
23 5816.573078
23 5937.043868
24 96.519503
24 201.596860
24 262.769398
24 346.826685
24 421.621263
24 536.252230
24 644.374674
24 780.487047
24 843.846424
24 945.811420
24 955.976093
24 1046.899601
24 1185.967851
24 1308.750186
24 1401.842995
24 1486.962773
24 1588.214524
24 1698.320277
24 1806.260149
24 1923.284609
24 1931.462634
24 2005.766489
24 2137.671407
24 2292.778042
24 2373.517071
24 2479.510026
24 2514.496885
24 2559.508710
24 2602.898516
24 2677.388152
24 2755.896767
24 2880.458404
24 3011.381468
24 3111.431502
24 3245.256805
24 3365.043590
24 3488.758987
24 3574.156659
24 3691.073265
24 3758.898108
24 3925.796875
24 3985.804719
24 4159.855973
24 4282.823207
24 4411.689483
24 4525.750782
24 4653.782052
24 4821.703786
24 4951.866014
24 5106.882824
24 5186.938218
24 5292.206353
24 5402.314039
24 5478.690215
24 5560.138544
24 5691.514136
24 5781.558283
24 5862.538685
24 5969.104238
25 56.925514
25 120.072497
25 207.142531
25 308.360782
25 381.724908
25 491.742603
25 630.026704
25 707.229424
25 816.508938
25 955.482277
25 1043.129032
25 1081.274814
25 1158.884141
25 1311.049770
25 1413.036575
25 1552.028029
25 1684.626109
25 1823.345962
25 1949.048818
25 2005.894716
25 2080.671616
25 2192.751275
25 2276.009353
25 2328.751082
25 2482.118072
25 2541.301739
25 2619.070382
25 2721.538381
25 2832.015345
25 2928.168014
25 3066.672528
25 3211.531637
25 3282.538920
25 3366.065323
25 3489.291914
25 3608.205902
25 3752.243955
25 3851.421758
25 3923.754879
25 4055.796436
25 4157.640999
25 4267.781626
25 4392.516511
25 4493.051206
25 4602.208968
25 4755.513808
25 4824.269684
25 4953.877612
25 5040.167553
25 5170.962343
25 5237.814698
25 5340.734363
25 5445.667508
25 5555.715405
25 5658.906450
25 5759.233948
25 5821.195313
25 5899.492117
25 5997.590649
26 96.370991
26 208.300321
26 278.936096
26 373.795356
26 505.214505
26 627.848539
26 689.739846
26 797.155299
26 903.569981
26 1015.172094
26 1093.523318
26 1218.327289
26 1266.982752
26 1377.746568
26 1522.173274
26 1589.577866
26 1735.957804
26 1771.615394
26 1881.838853
26 1948.903719
26 2050.541324
26 2172.509462
26 2305.406060
26 2413.318900
26 2479.959917
26 2612.484647
26 2755.556236
26 2877.294075
26 3030.906182
26 3122.241404
26 3216.084234
26 3349.403286
26 3464.503432
26 3533.914610
26 3603.388913
26 3703.243359
26 3805.157055
26 3901.415939
26 4027.854540
26 4131.719861
26 4266.177733
26 4409.915058
26 4422.354338
26 4562.029290
26 4659.938482
26 4748.697891
26 4824.688262
26 4930.251017
26 4998.644190
26 5089.824789
26 5227.485789
26 5351.366442
26 5376.567836
26 5547.174508
26 5629.381775
26 5679.458162
26 5725.318899
26 5872.224691
27 95.340081
27 228.517505
27 288.382066
27 340.023560
27 441.137514
27 536.307117
27 627.281977
27 667.760300
27 767.048958
27 857.234518
27 999.153955
27 1115.826692
27 1207.339125
27 1332.021279
27 1429.511094
27 1549.906595
27 1654.167250
27 1710.036771
27 1823.994905
27 1882.978868
27 1962.908702
27 2159.745828
27 2325.200580
27 2412.083789
27 2538.181343
27 2673.230993
27 2795.204492
27 2896.509812
27 2983.905509
27 3082.748333
27 3171.109775
27 3285.102274
27 3412.920522
27 3573.421376
27 3733.174473
27 3864.092937
27 3992.687055
27 4089.904836
27 4158.435883
27 4270.018962
27 4451.652609
27 4586.575631
27 4600.763263
27 4684.293087
27 4790.672957
27 4895.706178
27 4937.581234
27 5025.949313
27 5155.301349
27 5286.532065
27 5402.600156
27 5534.522237
27 5657.197633
27 5769.282194
27 5877.992925
27 5996.084716
28 86.873050
28 186.892970
28 287.842683
28 398.715173
28 548.413887
28 647.948551
28 758.033675
28 864.656519
28 972.587404
28 1027.908099
28 1133.475856
28 1220.276455
28 1347.691253
28 1489.778600
28 1588.116923
28 1776.542328
28 1876.609780
28 1996.443226
28 2052.443952
28 2167.538329
28 2212.606804
28 2292.337170
28 2462.120185
28 2512.112796
28 2673.896018
28 2768.598565
28 2844.108998
28 2893.132687
28 3003.389363
28 3106.960942
28 3203.688026
28 3282.750902
28 3368.101945
28 3492.163289
28 3575.484867
28 3658.068699
28 3720.174635
28 3900.358547
28 4052.191736
28 4157.135081
28 4280.640645
28 4405.682603
28 4483.081010
28 4552.536197
28 4651.177204
28 4770.091006
28 4882.758814
28 4986.143027
28 5094.975649
28 5152.916304
28 5286.877055
28 5366.545393
28 5478.391736
28 5597.510855
28 5728.189741
28 5846.922601
28 5940.473966
29 59.643866
29 152.681094
29 289.170332
29 396.826395
29 563.329540
29 690.550058
29 797.918718
29 956.855855
29 994.179405
29 1083.543310
29 1226.766578
29 1306.789970
29 1435.486272
29 1483.993325
29 1535.343470
29 1613.772084
29 1751.045654
29 1928.796610
29 2081.409834
29 2168.013659
29 2250.208592
29 2372.194958
29 2446.631542
29 2587.435834
29 2694.924430
29 2865.406664
29 2970.327171
29 3091.546316
29 3231.917837
29 3365.515533
29 3435.027429
29 3464.442326
29 3601.923308
29 3736.341280
29 3869.539853
29 4043.644712
29 4128.852433
29 4285.604650
29 4345.516419
29 4474.673376
29 4586.436764
29 4729.552340
29 4800.800006
29 4931.720132
29 4972.697806
29 5127.335973
29 5201.447174
29 5321.211879
29 5424.898758
29 5503.122889
29 5602.101232
29 5701.637207
29 5814.876788
29 5969.699289
30 186.525584
30 271.020006
30 401.336416
30 491.016780
30 644.041988
30 755.360960
30 857.668017
30 957.061029
30 1026.206122
30 1167.406688
30 1319.628648
30 1407.288826
30 1464.196763
30 1632.090348
30 1765.108761
30 1954.658966
30 2052.960537
30 2137.138138
30 2255.675274
30 2412.908713
30 2557.154468
30 2675.909151
30 2810.959472
30 2951.044776
30 3082.655990
30 3150.948260
30 3305.106111
30 3432.561655
30 3525.539239
30 3634.617106
30 3786.487472
30 3851.105126
30 3946.564678
30 4010.125477
30 4073.392485
30 4122.608813
30 4270.857757
30 4368.265713
30 4473.536703
30 4544.913331
30 4584.858533
30 4685.936049
30 4839.523442
30 4926.646746
30 4999.437615
30 5133.784626
30 5270.426688
30 5424.155706
30 5502.117499
30 5659.132883
30 5788.500279
30 5920.950273
31 122.352941
31 209.309744
31 324.500330
31 398.466229
31 465.482918
31 620.368747
31 774.831181
31 842.288570
31 978.881885
31 1112.681914
31 1258.841396
31 1365.211085
31 1486.791683
31 1578.111802
31 1690.615960
31 1824.753104
31 1934.517757
31 2068.946764
31 2165.345560
31 2292.409352
31 2481.080015
31 2577.079814
31 2697.481366
31 2810.209140
31 2902.323094
31 2991.306365
31 3079.710122
31 3192.519076
31 3326.075793
31 3405.178907
31 3505.624186
31 3636.610608
31 3690.808065
31 3811.089439
31 3921.236788
31 4038.408060
31 4133.913402
31 4205.985720
31 4366.014306
31 4539.099300
31 4627.280880
31 4681.783783
31 4822.733517
31 4943.416782
31 5107.499861
31 5218.484475
31 5326.846513
31 5366.332485
31 5502.319217
31 5609.677146
31 5692.901402
31 5724.145513
31 5856.881049
32 86.387700
32 206.616128
32 302.852018
32 396.019667
32 486.108602
32 566.106720
32 614.033407
32 739.486524
32 874.262698
32 932.478481
32 1080.479393
32 1223.882572
32 1349.857145
32 1466.592128
32 1615.239941
32 1743.172991
32 1845.761637
32 1930.410406
32 2027.352042
32 2165.887855
32 2234.516883
32 2426.010592
32 2483.866977
32 2556.886547
32 2673.421708
32 2755.017385
32 2896.767421
32 3032.704458
32 3143.596130
32 3286.853873
32 3396.965036
32 3490.665124
32 3592.073664
32 3690.860998
32 3869.633441
32 3978.127188
32 4065.329280
32 4231.362096
32 4323.439285
32 4472.155139
32 4629.378803
32 4717.791134
32 4851.318960
32 5032.543992
32 5156.441213
32 5287.281542
32 5368.509726
32 5501.931223
32 5651.972598
32 5768.243013
32 5892.599122
32 5967.186031
33 44.981776
33 218.017268
33 309.275324
33 439.069283
33 575.680761
33 652.514137
33 780.618999
33 901.345503
33 1071.605094
33 1187.123834
33 1298.625408
33 1463.430694
33 1615.147188
33 1719.105500
33 1905.009483
33 2004.876617
33 2166.868050
33 2274.666225
33 2317.756702
33 2415.120830
33 2513.019529
33 2617.930381
33 2691.131887
33 2814.814903
33 2896.282761
33 3030.456821
33 3152.306013
33 3264.496849
33 3412.286038
33 3540.090317
33 3716.589048
33 3849.265574
33 3953.481999
33 4154.467394
33 4301.578464
33 4393.031297
33 4474.368111
33 4610.046217
33 4691.077024
33 4799.468111
33 4888.116030
33 5011.725448
33 5137.841910
33 5269.534350
33 5385.373263
33 5545.142073
33 5730.086314
33 5900.727925
34 110.951983
34 259.678119
34 348.264413
34 418.028700
34 441.891662
34 496.076414
34 615.273508
34 740.007386
34 854.521606
34 973.512513
34 1051.558530
34 1208.784955
34 1349.657629
34 1455.233725
34 1579.291139
34 1697.600370
34 1813.410183
34 1923.112054
34 2064.544419
34 2161.709357
34 2314.148175
34 2404.002255
34 2544.912578
34 2676.922449
34 2768.765764
34 2929.160291
34 3031.881129
34 3175.846588
34 3282.942987
34 3342.012870
34 3431.165088
34 3602.656963
34 3689.570690
34 3798.197126
34 3903.201694
34 3999.807398
34 4071.651967
34 4226.078409
34 4385.324409
34 4510.738353
34 4662.745845
34 4800.540163
34 4987.149479
34 5153.086250
34 5290.990517
34 5407.720952
34 5547.930513
34 5694.040831
34 5849.908381
34 5968.090539
35 96.621675
35 207.901915
35 383.328072
35 585.597822
35 717.453346
35 842.468966
35 855.431814
35 971.485941
35 1108.846743
35 1261.567429
35 1406.527265
35 1518.845619
35 1679.982158
35 1801.425206
35 1977.568318
35 2112.770261
35 2190.443396
35 2337.878306
35 2453.029371
35 2618.676734
35 2741.242565
35 2893.561473
35 3057.773507
35 3174.244217
35 3343.623060
35 3445.688148
35 3551.062037
35 3691.400568
35 3793.451069
35 3898.730766
35 3984.987504
35 4160.455717
35 4297.922118
35 4390.993549
35 4514.722651
35 4604.921265
35 4728.455089
35 4870.303635
35 4933.221882
35 5026.017175
35 5153.679270
35 5303.089224
35 5518.137294
35 5697.593505
35 5787.048880
35 5899.375805
36 125.111325
36 242.400030
36 383.351281
36 543.730881
36 629.945544
36 766.765267
36 926.156871
36 1052.515293
36 1158.266107
36 1242.561276
36 1372.653324
36 1500.335586
36 1588.787450
36 1724.619056
36 1882.522785
36 2030.170967
36 2139.658166
36 2230.270249
36 2297.524967
36 2404.379452
36 2512.441796
36 2616.200282
36 2697.455128
36 2795.164976
36 2886.907818
36 3046.858893
36 3196.069099
36 3323.468763
36 3408.260490
36 3544.768078
36 3686.694392
36 3868.374733
36 4015.874853
36 4245.814897
36 4392.763058
36 4556.586657
36 4769.813934
36 4950.738410
36 5026.145514
36 5151.929817
36 5288.930456
36 5465.631707
36 5533.388372
36 5585.768259
36 5668.281214
36 5822.062012
36 5944.405929
37 127.374675
37 185.078569
37 305.221607
37 446.879556
37 543.535143
37 602.393834
37 756.433769
37 914.149717
37 996.602831
37 1105.645002
37 1222.720781
37 1388.290416
37 1486.255599
37 1588.214274
37 1753.936549
37 1898.597746
37 2005.447295
37 2099.895319
37 2213.557002
37 2402.267158
37 2540.769430
37 2676.311697
37 2796.438466
37 2961.872201
37 3107.453060
37 3287.108674
37 3410.648406
37 3532.460333
37 3633.989363
37 3758.368648
37 3847.386339
37 3944.749058
37 4112.869409
37 4236.360649
37 4344.709687
37 4487.206966
37 4628.218315
37 4762.017313
37 4820.514772
37 4969.453556
37 5076.301166
37 5170.752660
37 5285.645008
37 5445.049222
37 5578.338167
37 5695.027771
37 5856.130795
37 5938.845031
38 204.747822
38 304.870803
38 457.356478
38 610.767068
38 682.177824
38 775.247316
38 961.507671
38 1042.153006
38 1135.144943
38 1193.611664
38 1394.027833
38 1553.077732
38 1701.453574
38 1826.071161
38 1932.068148
38 2061.871132
38 2210.719043
38 2325.302758
38 2465.625947
38 2572.244149
38 2696.654624
38 2796.477710
38 2973.758237
38 3052.757732
38 3226.091200
38 3368.676183
38 3466.246871
38 3540.101072
38 3711.254319
38 3869.113096
38 4027.860436
38 4165.024581
38 4296.210847
38 4414.756688
38 4557.370764
38 4696.249034
38 4771.808126
38 4921.271343
38 5059.762384
38 5132.982478
38 5218.615381
38 5374.130946
38 5500.494243
38 5617.270016
38 5728.756941
38 5880.937657
39 111.502501
39 220.772052
39 422.330366
39 546.461050
39 687.745741
39 841.737220
39 951.198671
39 1047.542259
39 1158.393660
39 1263.583935
39 1434.325480
39 1587.810220
39 1710.785444
39 1851.958324
39 1980.000078
39 2166.021467
39 2257.575907
39 2373.145342
39 2542.750738
39 2636.139243
39 2792.284767
39 2948.480393
39 3109.332407
39 3182.971134
39 3313.800234
39 3448.721764
39 3603.389954
39 3828.363613
39 3924.992927
39 3997.664285
39 4074.198630
39 4188.570619
39 4346.234413
39 4449.457882
39 4585.533478
39 4752.560889
39 4966.991077
39 5064.092113
39 5325.914288
39 5372.121695
39 5565.747144
39 5781.291137
39 5897.569159
40 101.905344
40 328.295715
40 488.171602
40 664.567709
40 821.512649
40 943.343433
40 1032.509159
40 1122.834254
40 1252.260035
40 1374.027123
40 1488.137640
40 1585.493899
40 1725.776118
40 1873.841515
40 2024.446281
40 2184.927351
40 2195.123092
40 2340.675674
40 2514.160650
40 2618.208822
40 2754.787357
40 2810.176596
40 3000.738363
40 3078.626160
40 3243.919234
40 3349.406480
40 3397.744731
40 3547.806761
40 3719.668335
40 3784.905095
40 4030.292306
40 4270.126383
40 4410.659040
40 4506.590815
40 4627.707542
40 4785.490370
40 4979.508665
40 5130.155946
40 5353.089998
40 5492.924562
40 5691.423499
40 5821.208297
40 5965.737056
41 112.958927
41 220.370531
41 396.606980
41 561.504545
41 668.347466
41 819.276634
41 927.598581
41 1097.783625
41 1299.266702
41 1406.555117
41 1500.068707
41 1617.679130
41 1784.118754
41 1929.691792
41 2072.622843
41 2167.097480
41 2340.563897
41 2517.692501
41 2642.149879
41 2757.079649
41 2864.677896
41 3020.905865
41 3105.781095
41 3244.749163
41 3428.584594
41 3575.966436
41 3729.533524
41 3872.272365
41 3984.277984
41 4133.265557
41 4237.112035
41 4400.639543
41 4586.896247
41 4737.350674
41 4909.589012
41 5081.048840
41 5207.225855
41 5304.069153
41 5429.146043
41 5583.447348
41 5790.217903
41 5906.535642
42 172.520707
42 269.332484
42 413.354428
42 592.937882
42 734.749129
42 922.589445
42 1077.764388
42 1314.364041
42 1404.579891
42 1558.897177
42 1732.189968
42 1825.871807
42 1977.499954
42 2083.116498
42 2274.159888
42 2423.201084
42 2515.460470
42 2614.888537
42 2738.266783
42 2863.675574
42 3013.461743
42 3154.441193
42 3345.347634
42 3461.851037
42 3637.459814
42 3783.831007
42 4025.440236
42 4131.619633
42 4217.843330
42 4439.744778
42 4564.234927
42 4752.653221
42 4843.272651
42 4974.440570
42 5144.961446
42 5304.559270
42 5467.110342
42 5630.812769
42 5723.896060
42 5940.284190
43 150.614398
43 265.619107
43 435.275091
43 563.361866
43 798.820024
43 980.603688
43 1156.967763
43 1384.926419
43 1521.213163
43 1724.317246
43 1881.869701
43 2005.566275
43 2168.610802
43 2346.441626
43 2500.513702
43 2575.679431
43 2754.866811
43 2914.001214
43 3048.060753
43 3209.735786
43 3324.829915
43 3491.019406
43 3593.399480
43 3756.031385
43 3946.632085
43 4093.831436
43 4223.110658
43 4322.904384
43 4478.287264
43 4652.506543
43 4860.191062
43 4988.686819
43 5155.578462
43 5255.114383
43 5401.683929
43 5469.450854
43 5574.546720
43 5730.480572
43 5876.392321
44 186.523089
44 303.762554
44 446.412709
44 627.487572
44 857.423613
44 995.847172
44 1163.888106
44 1311.072032
44 1428.271394
44 1613.427210
44 1747.275887
44 1902.593098
44 2051.601530
44 2167.400037
44 2279.910802
44 2483.846221
44 2624.094979
44 2775.313170
44 2951.658138
44 3110.239731
44 3265.846722
44 3363.838733
44 3603.533879
44 3783.236622
44 3969.989931
44 4187.610356
44 4384.933284
44 4539.594866
44 4762.869599
44 4934.224863
44 4983.256913
44 5079.260081
44 5232.290309
44 5383.012242
44 5577.250679
44 5760.701703
44 5891.122734
44 5983.743148
45 205.270611
45 245.023664
45 394.945058
45 591.743785
45 774.546797
45 886.729687
45 1070.970856
45 1182.276535
45 1311.228045
45 1442.541298
45 1639.352478
45 1792.441379
45 2009.595210
45 2187.487413
45 2292.319174
45 2452.750504
45 2558.297603
45 2674.946090
45 2771.828468
45 2929.499721
45 3206.266895
45 3421.021000
45 3575.330701
45 3712.861809
45 3784.608748
45 3964.292355
45 4143.649186
45 4301.458171
45 4411.071067
45 4472.878218
45 4559.150941
45 4675.859133
45 4796.283015
45 4954.612401
45 5089.938330
45 5232.249926
45 5431.731241
45 5501.382468
45 5607.365105
45 5789.689606
45 5966.181883
46 209.140298
46 347.138858
46 444.311513
46 711.293690
46 844.442280
46 1013.560032
46 1135.066779
46 1259.253920
46 1299.585435
46 1405.087888
46 1579.166055
46 1641.282258
46 1766.693426
46 1910.238081
46 2142.125231
46 2234.990075
46 2415.875511
46 2620.976242
46 2759.370051
46 3026.134692
46 3166.963797
46 3329.333551
46 3533.178011
46 3716.848696
46 3853.752177
46 3984.913522
46 4208.227372
46 4322.596112
46 4537.524959
46 4681.061190
46 4784.659182
46 4952.011909
46 5108.782768
46 5288.954752
46 5387.551566
46 5466.949630
46 5657.060075
46 5873.135701
46 5969.250103
47 171.262262
47 372.935720
47 444.421865
47 582.693710
47 744.719180
47 946.890227
47 1108.901973
47 1248.738024
47 1462.627222
47 1632.926169
47 1881.205930
47 2053.968405
47 2208.440151
47 2315.813196
47 2436.173158
47 2576.356041
47 2738.932829
47 2963.846918
47 3153.589665
47 3366.877825
47 3554.101676
47 3723.072180
47 3899.605984
47 3924.815402
47 4120.703986
47 4345.866717
47 4576.091748
47 4718.248058
47 4895.838044
47 5142.801481
47 5271.264644
47 5445.376178
47 5633.127553
47 5760.618905
47 5948.895876
48 116.603881
48 376.678768
48 487.170833
48 689.509031
48 776.873737
48 957.344157
48 1009.053943
48 1137.694338
48 1254.305032
48 1413.381548
48 1570.421331
48 1698.470696
48 1941.697436
48 2073.934749
48 2212.998474
48 2373.140853
48 2492.328229
48 2673.618786
48 2791.666782
48 2962.567188
48 2988.323943
48 3159.913161
48 3261.504450
48 3364.773450
48 3598.933269
48 3756.528316
48 3900.811783
48 4070.950667
48 4338.075528
48 4493.409630
48 4678.887256
48 4798.917992
48 5035.055356
48 5193.740436
48 5390.527541
48 5579.702046
48 5783.081310
48 5946.548853
49 206.410922
49 382.747735
49 591.710807
49 799.083024
49 996.458098
49 1123.037040
49 1365.232031
49 1542.800186
49 1695.911010
49 1828.214342
49 2005.136334
49 2194.368885
49 2370.686445
49 2499.657357
49 2620.716475
49 2774.851254
49 2959.009389
49 3221.564574
49 3420.250329
49 3674.260772
49 3899.314097
49 4088.394069
49 4299.716790
49 4437.789092
49 4588.196048
49 4797.460910
49 4954.361076
49 5123.489377
49 5372.671127
49 5657.431184
49 5856.542860
50 133.594790
50 400.862935
50 607.528172
50 730.986015
50 817.706252
50 1053.943347
50 1222.548439
50 1409.692090
50 1571.888155
50 1766.841662
50 1991.398840
50 2167.798834
50 2394.923726
50 2512.162185
50 2742.744238
50 2901.643161
50 3081.689749
50 3215.954859
50 3432.223241
50 3606.209322
50 3717.496222
50 3897.974483
50 4175.502223
50 4346.342766
50 4489.969128
50 4651.564894
50 4751.370978
50 4964.757701
50 5171.586572
50 5395.195541
50 5554.367125
50 5756.917216
51 118.668201
51 347.352166
51 489.217263
51 757.271007
51 879.480889
51 1140.703536
51 1389.827930
51 1558.665286
51 1699.281688
51 1926.944776
51 2041.892268
51 2235.749458
51 2383.776636
51 2586.767862
51 2811.179460
51 2960.524582
51 3122.982412
51 3366.382730
51 3464.541730
51 3639.505748
51 3785.726342
51 3941.901713
51 4134.757458
51 4344.689414
51 4582.618956
51 4767.358679
51 4897.847381
51 5030.942091
51 5143.904659
51 5270.138679
51 5424.996214
51 5550.345972
51 5778.131046
52 153.237775
52 358.214224
52 562.538553
52 993.534904
52 1158.303731
52 1333.340769
52 1595.484295
52 1826.726242
52 2032.771671
52 2259.195469
52 2447.580765
52 2618.625411
52 2778.478210
52 2928.468903
52 3206.767788
52 3309.825644
52 3500.764497
52 3600.323635
52 3869.575481
52 4045.929997
52 4246.086599
52 4461.310952
52 4587.060920
52 4989.221512
52 5225.102371
52 5361.475350
52 5694.399842
52 5896.240658
53 155.053885
53 375.404407
53 528.141975
53 710.180756
53 840.668667
53 896.787577
53 1107.691081
53 1285.655143
53 1589.726371
53 1783.113496
53 2046.205380
53 2209.354087
53 2424.800488
53 2601.156812
53 2864.287186
53 3037.890345
53 3284.896488
53 3553.915911
53 3637.724628
53 3815.485251
53 3977.827726
53 4133.722787
53 4364.803682
53 4583.457564
53 4898.175812
53 5170.879255
53 5469.523688
53 5705.439971
54 113.974752
54 350.852524
54 579.306691
54 687.554833
54 897.166683
54 1089.719332
54 1427.832858
54 1587.693104
54 1900.574024
54 2053.390771
54 2344.208939
54 2617.577829
54 2710.802461
54 3037.309831
54 3280.026365
54 3467.118278
54 3636.429549
54 3716.020067
54 3986.078844
54 4210.785775
54 4473.887748
54 4632.994113
54 4800.827731
54 5106.753744
54 5349.305729
54 5657.879857
54 5822.632648
55 270.775631
55 507.641064
55 848.454566
55 931.400909
55 1226.965834
55 1402.553068
55 1621.597040
55 1854.336899
55 2211.688493
55 2373.551949
55 2615.479340
55 2895.157234
55 3081.712982
55 3206.305110
55 3464.597022
55 3526.711926
55 3784.997070
55 3985.389098
55 4115.174656
55 4365.664688
55 4575.733431
55 4783.768652
55 5047.717226
55 5184.528191
55 5453.789122
55 5793.663634
56 168.889088
56 421.003319
56 592.439375
56 824.969557
56 1206.428728
56 1463.463261
56 1725.780213
56 1947.510479
56 2169.054212
56 2349.592003
56 2529.501224
56 2849.141616
56 3032.706987
56 3513.619613
56 3758.798112
56 3954.111815
56 4243.929778
56 4481.768730
56 4796.750546
56 5026.381315
56 5329.928989
56 5365.650536
56 5637.772816
56 5856.628914
56 5975.093795
57 170.252435
57 419.072275
57 706.847924
57 903.920941
57 1251.843789
57 1441.582011
57 1587.532700
57 1929.185223
57 2252.130591
57 2571.445582
57 2947.535349
57 3323.081402
57 3597.555070
57 3735.774666
57 3954.852037
57 4177.471081
57 4424.146913
57 4556.056432
57 4875.950829
57 5040.831576
57 5094.464424
57 5297.168051
57 5592.957506
57 5822.105226
58 209.496006
58 544.302564
58 729.669968
58 970.692318
58 1218.626074
58 1468.894604
58 1722.153474
58 2051.096647
58 2372.601250
58 2574.517654
58 2880.156462
58 3064.162403
58 3366.241070
58 3714.468203
58 3900.516423
58 4043.539074
58 4303.276069
58 4539.195044
58 4820.783545
58 5016.774885
58 5309.673972
58 5552.523982
58 5809.132424
59 269.340310
59 419.707115
59 633.370818
59 978.504291
59 1161.300898
59 1540.650151
59 1867.425136
59 2167.057547
59 2419.387073
59 2772.668756
59 3012.119709
59 3245.937349
59 3389.343495
59 3693.250892
59 3952.630837
59 4130.456981
59 4478.422228
59 4870.264914
59 5288.159853
59 5601.786798
59 5853.136125
60 359.940472
60 754.558575
60 890.408987
60 1116.081033
60 1327.676745
60 1612.919888
60 1979.464149
60 2191.633422
60 2618.305312
60 3044.848708
60 3389.063313
60 3923.165746
60 4236.732072
60 4513.535521
60 4823.640201
60 5173.298427
60 5475.058781
60 5659.024181
60 5891.346894
61 429.561093
61 595.868061
61 1016.703471
61 1318.156193
61 1726.770921
61 2193.263841
61 2472.161653
61 2833.956088
61 3244.397578
61 3750.975957
61 3986.580393
61 4535.790470
61 4882.606266
61 5210.227497
61 5608.756805
61 5700.000597
