1 61.483800
1 161.572317
1 302.969742
1 369.679738
1 473.318645
1 584.685366
1 735.665713
1 845.374683
1 924.077022
1 1021.063037
1 1098.453989
1 1260.058740
1 1353.745465
1 1450.537598
1 1522.465076
1 1586.387696
1 1686.230379
1 1761.934021
1 1877.790305
1 1942.719662
1 2028.080562
1 2143.107727
1 2283.961958
1 2366.871701
1 2462.367213
1 2571.201167
1 2657.283364
1 2751.888160
1 2865.210350
1 3015.541823
1 3087.990233
1 3188.042078
1 3306.968664
1 3421.795965
1 3534.902175
1 3680.065678
1 3812.809348
1 3938.366402
1 4075.363751
1 4154.666155
1 4274.273055
1 4301.771360
1 4393.418309
1 4530.040530
1 4627.522003
1 4673.620286
1 4785.661380
1 4854.727569
1 4928.290718
1 5028.431225
1 5080.301383
1 5180.180008
1 5275.145309
1 5402.398596
1 5494.895793
1 5602.204403
1 5679.239495
1 5792.954514
1 5905.152191
2 91.921102
2 216.039591
2 314.129157
2 426.979663
2 502.611985
2 555.516964
2 680.030664
2 737.204209
2 847.102302
2 872.082693
2 958.191653
2 1065.500440
2 1158.180547
2 1232.868289
2 1377.037794
2 1494.317039
2 1578.537539
2 1648.409264
2 1725.307803
2 1806.680692
2 1846.011298
2 1916.083899
2 1991.327762
2 2105.603563
2 2165.085577
2 2289.572571
2 2385.023596
2 2527.833375
2 2597.832325
2 2702.669405
2 2780.685191
2 2876.979820
2 2981.549843
2 3062.535863
2 3151.161192
2 3256.221523
2 3373.920907
2 3468.547059
2 3590.977306
2 3668.374121
2 3735.905837
2 3816.467971
2 3897.028172
2 4018.343040
2 4124.912794
2 4226.923040
2 4297.953631
2 4390.312682
2 4476.372488
2 4564.672863
2 4682.192878
2 4726.707026
2 4804.749476
2 4910.637220
2 5022.668217
2 5085.657686
2 5147.616337
2 5246.501117
2 5343.993840
2 5393.686727
2 5465.021043
2 5567.477048
2 5651.959620
2 5771.259694
2 5855.716370
2 5976.232920
3 42.813764
3 151.681658
3 234.190061
3 277.805382
3 362.842053
3 477.151709
3 574.415079
3 701.857346
3 751.383331
3 864.918571
3 914.955874
3 999.443046
3 1040.435656
3 1097.999015
3 1190.166874
3 1262.208031
3 1335.818354
3 1446.608923
3 1555.474709
3 1638.552137
3 1730.445967
3 1864.073922
3 1991.431152
3 2130.098236
3 2237.264410
3 2339.817478
3 2405.782555
3 2487.625885
3 2629.937137
3 2763.222648
3 2854.093761
3 2946.880036
3 3010.204252
3 3085.788223
3 3197.072773
3 3295.407739
3 3421.150871
3 3503.733298
3 3573.510781
3 3651.095333
3 3725.660421
3 3858.023253
3 3991.841209
3 4068.202727
3 4187.799437
3 4222.545047
3 4315.952830
3 4415.156277
3 4512.712680
3 4583.309092
3 4643.021704
3 4756.616585
3 4847.826567
3 4984.674273
3 5049.809522
3 5108.269998
3 5198.934377
3 5255.705464
3 5367.255835
3 5459.784119
3 5568.536302
3 5650.695400
3 5751.330158
3 5878.706880
3 5892.201462
3 5966.002572
4 146.349755
4 234.460999
4 365.407514
4 428.204541
4 529.916439
4 605.143127
4 702.422649
4 751.872608
4 871.368749
4 982.898967
4 1053.287722
4 1160.055786
4 1223.285086
4 1259.623566
4 1379.330171
4 1553.015416
4 1658.537201
4 1804.290208
4 1848.647115
4 1972.474837
4 2049.057881
4 2190.564978
4 2338.399146
4 2400.833833
4 2482.599128
4 2527.187802
4 2630.224058
4 2677.784636
4 2820.207060
4 2922.670578
4 2964.538597
4 2982.910749
4 3061.483534
4 3130.374071
4 3199.339503
4 3339.407662
4 3375.261254
4 3469.363992
4 3609.847086
4 3715.569622
4 3818.745065
4 3937.257120
4 4033.999327
4 4166.942091
4 4271.276951
4 4379.896655
4 4465.624400
4 4579.976326
4 4682.953815
4 4886.464535
4 4983.988697
4 5038.285285
4 5152.420551
4 5216.319590
4 5344.150297
4 5407.937236
4 5495.936441
4 5568.172962
4 5618.754675
4 5771.832188
4 5877.525149
4 5991.421859
5 163.967828
5 231.588015
5 345.692001
5 446.862053
5 541.539236
5 638.316058
5 732.673781
5 799.610131
5 866.818071
5 1000.050874
5 1122.410818
5 1215.522569
5 1299.507257
5 1400.834558
5 1463.048382
5 1566.219257
5 1684.669379
5 1829.672249
5 1976.161205
5 2043.062080
5 2146.287777
5 2224.739114
5 2312.396473
5 2402.018698
5 2482.468321
5 2624.534020
5 2736.805414
5 2834.245576
5 2898.894538
5 2963.967000
5 3034.785004
5 3132.241681
5 3279.983845
5 3389.748747
5 3448.249623
5 3519.637058
5 3682.183058
5 3716.835166
5 3831.765864
5 3935.942720
5 4018.850635
5 4110.535582
5 4156.879816
5 4209.478298
5 4297.636132
5 4440.234909
5 4515.377025
5 4650.250075
5 4689.252963
5 4779.435556
5 4836.245878
5 4926.200036
5 5015.646417
5 5133.460208
5 5232.551662
5 5341.582023
5 5410.084964
5 5502.115671
5 5632.267635
5 5664.443300
5 5771.262168
5 5791.711879
5 5878.529791
5 5963.799082
6 88.431233
6 188.685137
6 295.787918
6 366.968138
6 445.972468
6 527.410731
6 585.208539
6 675.370412
6 765.053350
6 871.262083
6 979.739121
6 1049.496799
6 1177.557017
6 1204.735164
6 1323.854096
6 1431.437206
6 1512.344958
6 1603.888917
6 1707.276764
6 1803.589677
6 1878.120505
6 2001.697034
6 2110.346135
6 2213.943479
6 2286.148168
6 2384.511686
6 2489.009212
6 2562.107637
6 2628.494970
6 2711.697031
6 2781.200787
6 2876.511609
6 2979.745533
6 3041.353462
6 3152.088426
6 3269.207842
6 3422.797064
6 3530.334248
6 3629.364205
6 3740.378712
6 3852.599488
6 3932.521819
6 4033.321207
6 4110.887068
6 4130.749895
6 4220.714592
6 4297.490772
6 4364.556705
6 4443.256720
6 4540.644615
6 4618.302392
6 4711.283158
6 4748.026619
6 4896.477533
6 5012.158440
6 5144.247435
6 5237.232511
6 5343.063495
6 5387.225452
6 5494.488366
6 5592.552702
6 5665.069161
6 5767.380546
6 5813.509465
6 5916.491219
7 125.514277
7 216.616577
7 341.836182
7 427.658725
7 538.235746
7 686.038327
7 717.576393
7 868.340123
7 961.509891
7 1100.232683
7 1182.088399
7 1265.176010
7 1398.255368
7 1472.785645
7 1598.778408
7 1662.794526
7 1733.110755
7 1869.837976
7 1953.913497
7 1993.394766
7 2123.529630
7 2263.426495
7 2383.586003
7 2493.000231
7 2611.528325
7 2670.683670
7 2735.748799
7 2788.917099
7 2872.050900
7 2983.824006
7 3104.952210
7 3246.279765
7 3330.041523
7 3425.164506
7 3515.776348
7 3677.434116
7 3771.584756
7 3899.076853
7 3988.929280
7 4072.731946
7 4155.437699
7 4186.770028
7 4272.920260
7 4425.991374
7 4530.481736
7 4587.438986
7 4742.566649
7 4808.450234
7 4883.437986
7 4929.351289
7 5008.354259
7 5080.367441
7 5209.605242
7 5299.566039
7 5333.436266
7 5414.042183
7 5482.857697
7 5533.885764
7 5660.376864
7 5813.674146
7 5916.614818
8 89.133738
8 234.687242
8 368.701119
8 440.246755
8 553.056457
8 656.303280
8 750.765238
8 847.185640
8 983.138526
8 1100.777784
8 1182.209107
8 1291.143630
8 1342.562556
8 1376.167866
8 1453.364525
8 1536.080058
8 1670.469071
8 1802.912285
8 1819.947056
8 1953.414169
8 2070.571132
8 2151.659819
8 2288.534760
8 2363.497182
8 2453.687078
8 2560.785383
8 2599.819765
8 2656.542114
8 2717.890740
8 2837.858930
8 2963.958041
8 3043.686236
8 3164.857574
8 3307.507679
8 3448.432404
8 3611.295404
8 3650.481449
8 3727.791582
8 3903.726510
8 4008.073379
8 4068.305218
8 4192.581089
8 4321.356942
8 4434.519274
8 4548.993487
8 4593.324673
8 4710.766635
8 4820.112165
8 4881.064228
8 5029.619032
8 5106.271841
8 5256.085331
8 5385.399048
8 5545.720156
8 5643.337869
8 5747.106307
8 5880.979146
8 5985.224873
9 118.492655
9 216.394438
9 283.524211
9 416.767081
9 521.672760
9 645.147225
9 777.007137
9 864.514143
9 1005.513118
9 1096.802104
9 1204.409314
9 1284.971133
9 1401.152607
9 1478.464441
9 1636.786505
9 1779.622730
9 1850.143371
9 1973.880112
9 2106.478512
9 2284.881266
9 2366.463791
9 2437.328923
9 2522.064570
9 2584.058862
9 2683.937685
9 2748.337712
9 2901.171493
9 3014.760331
9 3110.688551
9 3229.585989
9 3331.314312
9 3469.809282
9 3520.590000
9 3631.689019
9 3736.623238
9 3777.746701
9 3865.056957
9 4017.395137
9 4095.740996
9 4157.474403
9 4270.277276
9 4386.234661
9 4460.079267
9 4616.309151
9 4712.748106
9 4832.228336
9 4910.166606
9 4980.503418
9 5061.638579
9 5106.811096
9 5207.021643
9 5276.006442
9 5331.278431
9 5418.747791
9 5541.481561
9 5627.725790
9 5772.466273
9 5926.694260
10 62.784345
10 147.155799
10 262.638918
10 403.283892
10 526.798017
10 638.490788
10 717.844827
10 840.471879
10 914.154202
10 1020.635424
10 1121.867901
10 1211.550430
10 1338.601649
10 1456.188083
10 1571.752937
10 1667.701698
10 1805.919664
10 1935.388392
10 2047.239015
10 2151.272985
10 2220.931272
10 2347.520571
10 2441.057960
10 2526.959285
10 2628.762800
10 2687.604003
10 2815.675747
10 2945.208024
10 3082.847383
10 3188.018841
10 3311.373045
10 3421.541727
10 3472.301822
10 3609.598546
10 3699.291657
10 3841.382544
10 3961.958006
10 4036.372630
10 4126.450923
10 4190.458616
10 4300.523660
10 4388.948843
10 4483.816483
10 4585.094118
10 4705.956320
10 4807.278446
10 4907.680097
10 4960.911953
10 5049.645489
10 5159.830247
10 5276.466885
10 5415.244198
10 5508.057044
10 5622.885590
10 5680.492300
10 5775.158114
10 5928.645109
11 64.339975
11 130.445756
11 248.275237
11 338.650223
11 444.411338
11 547.188334
11 629.616259
11 710.153741
11 836.502805
11 936.741567
11 1034.817934
11 1180.621924
11 1265.369771
11 1402.318486
11 1462.004622
11 1566.211679
11 1637.748515
11 1762.176096
11 1850.681106
11 1970.431008
11 2089.644609
11 2165.750340
11 2309.959303
11 2461.087979
11 2561.524930
11 2656.058241
11 2710.114378
11 2839.812397
11 2883.883318
11 2981.859477
11 3119.909212
11 3199.857352
11 3284.586122
11 3417.746387
11 3472.191103
11 3587.400194
11 3612.025024
11 3724.861339
11 3841.334126
11 3956.711465
11 4046.610847
11 4129.842274
11 4187.061219
11 4268.149370
11 4387.445807
11 4490.754416
11 4582.749786
11 4648.742545
11 4752.128957
11 4858.193858
11 4954.681935
11 5040.145542
11 5146.807539
11 5235.965625
11 5345.481690
11 5464.273545
11 5620.751321
11 5717.049257
11 5771.284480
11 5848.812897
11 5928.273887
12 65.292408
12 162.789782
12 303.989131
12 454.152671
12 509.744685
12 690.086159
12 752.275685
12 824.023915
12 886.864355
12 980.703467
12 1018.600388
12 1177.040186
12 1263.997106
12 1397.484271
12 1495.266684
12 1599.186791
12 1688.314313
12 1779.143799
12 1887.853655
12 1975.843545
12 2028.631385
12 2108.256599
12 2270.196898
12 2311.722236
12 2419.997262
12 2549.480034
12 2657.864818
12 2761.648514
12 2867.558704
12 2981.504458
12 3066.215993
12 3253.261597
12 3353.803689
12 3446.831025
12 3551.454670
12 3665.993976
12 3755.347166
12 3843.312640
12 3984.367094
12 4077.843344
12 4202.398849
12 4345.483794
12 4523.894921
12 4647.654019
12 4789.543326
12 4848.120374
12 4957.361364
12 5035.658236
12 5071.925870
12 5179.861899
12 5301.478584
12 5384.683125
12 5485.460950
12 5623.026821
12 5729.788566
12 5829.868388
12 5965.377367
13 120.097190
13 250.432818
13 301.994144
13 402.770775
13 471.201125
13 589.325717
13 701.486783
13 848.007043
13 915.168549
13 1021.830924
13 1127.744979
13 1191.611063
13 1287.111188
13 1399.055832
13 1581.528988
13 1735.028460
13 1847.651877
13 1971.826361
13 2091.211118
13 2192.651923
13 2291.037197
13 2365.981077
13 2486.114212
13 2626.871493
13 2736.801300
13 2851.244389
13 2964.717722
13 3062.429509
13 3161.495592
13 3235.757333
13 3329.127871
13 3449.453999
13 3515.199266
13 3652.905152
13 3783.724456
13 3885.720568
13 3996.625376
13 4124.806857
13 4187.781570
13 4326.201649
13 4414.012672
13 4542.763830
13 4616.934066
13 4724.494549
13 4806.371694
13 4929.441488
13 5000.766245
13 5138.764989
13 5229.373592
13 5343.048319
13 5408.419196
13 5563.990064
13 5660.700345
13 5754.144673
13 5893.517286
13 5959.292365
14 59.790255
14 162.963119
14 299.604317
14 340.939310
14 474.869277
14 562.238282
14 688.886780
14 848.834301
14 993.993261
14 1099.889693
14 1215.105791
14 1300.477044
14 1351.381035
14 1424.086516
14 1542.660856
14 1644.802279
14 1744.850718
14 1851.842784
14 1934.542354
14 1998.497205
14 2106.915699
14 2218.553329
14 2346.304201
14 2466.594914
14 2561.644202
14 2656.124280
14 2737.813005
14 2849.537062
14 2982.234543
14 3015.139562
14 3116.455335
14 3149.672322
14 3232.623399
14 3355.719763
14 3476.951227
14 3592.841057
14 3713.144418
14 3810.958196
14 3935.993326
14 4066.731927
14 4161.674426
14 4369.826970
14 4504.188974
14 4683.194626
14 4710.523045
14 4768.918258
14 4852.137051
14 4971.187564
14 5088.811857
14 5166.788190
14 5279.156016
14 5364.655578
14 5462.230397
14 5606.167038
14 5730.487506
14 5835.942780
14 5969.229422
15 106.644831
15 150.889568
15 250.438083
15 338.774847
15 490.886112
15 607.906771
15 711.919747
15 808.948732
15 947.638269
15 1057.068933
15 1123.500131
15 1202.859385
15 1346.831883
15 1458.938940
15 1486.875463
15 1585.373151
15 1704.339343
15 1763.882111
15 1915.726988
15 2045.423542
15 2210.882895
15 2337.227634
15 2484.970097
15 2585.457736
15 2744.800488
15 2820.006236
15 2943.688997
15 3046.449010
15 3161.954342
15 3253.113798
15 3412.274985
15 3483.479769
15 3577.281626
15 3677.887533
15 3806.121720
15 3935.836698
15 4018.513663
15 4113.090913
15 4180.291672
15 4343.403534
15 4467.942963
15 4577.323714
15 4704.312706
15 4750.688482
15 4864.746064
15 4984.333656
15 5082.858091
15 5179.526154
15 5280.980731
15 5370.604849
15 5476.453000
15 5597.550072
15 5681.650182
15 5809.661045
15 5963.755629
16 60.707326
16 162.844056
16 236.936598
16 392.929071
16 496.707239
16 616.031989
16 750.684460
16 924.349537
16 1072.399786
16 1187.913059
16 1271.503879
16 1410.995757
16 1552.323682
16 1618.246345
16 1738.720614
16 1831.412027
16 1889.367130
16 2055.440527
16 2126.612636
16 2287.152882
16 2344.300936
16 2463.784892
16 2535.837304
16 2598.780932
16 2720.663085
16 2819.275984
16 2974.089432
16 3091.834446
16 3230.004581
16 3390.162240
16 3498.438137
16 3651.436928
16 3731.408264
16 3772.080516
16 3906.170743
16 4016.512953
16 4124.314626
16 4326.125653
16 4464.752477
16 4563.411912
16 4645.738445
16 4710.825311
16 4863.690695
16 4980.175261
16 5047.487354
16 5149.132525
16 5296.848079
16 5423.536830
16 5507.323810
16 5612.839200
16 5703.057425
16 5846.569413
16 5927.281314
17 60.860994
17 125.937940
17 232.895593
17 362.531523
17 447.315386
17 537.128023
17 641.040724
17 752.012441
17 828.872671
17 941.337371
17 1022.522614
17 1135.038135
17 1212.929655
17 1322.935455
17 1471.036269
17 1557.495388
17 1664.792555
17 1742.895344
17 1822.431356
17 1945.361342
17 2090.410548
17 2218.569350
17 2339.882663
17 2469.243041
17 2574.352545
17 2720.209906
17 2867.517737
17 2963.280523
17 3073.532324
17 3136.449813
17 3258.984371
17 3394.688533
17 3471.354710
17 3627.754133
17 3706.799518
17 3896.262732
17 3992.128416
17 4093.633096
17 4221.791600
17 4344.793209
17 4490.662780
17 4652.161018
17 4802.522817
17 4895.638460
17 5067.374360
17 5159.683735
17 5256.385435
17 5436.522919
17 5568.022544
17 5716.415419
17 5792.232613
17 5897.193750
18 95.971676
18 163.519054
18 302.061201
18 469.829697
18 644.839641
18 790.480845
18 917.086401
18 1047.808896
18 1113.109593
18 1182.187788
18 1278.865468
18 1319.360879
18 1460.777924
18 1599.145811
18 1706.535867
18 1803.310635
18 1891.779406
18 1971.374568
18 2133.391965
18 2236.689302
18 2310.232934
18 2426.871945
18 2551.125903
18 2657.011951
18 2754.129449
18 2901.121428
18 2964.251976
18 3099.500964
18 3212.462702
18 3317.283401
18 3388.297338
18 3499.352578
18 3582.358930
18 3681.603915
18 3775.153625
18 3830.593673
18 3967.552356
18 4065.841786
18 4223.972708
18 4346.792267
18 4458.584052
18 4548.506340
18 4651.902418
18 4752.331371
18 4833.751168
18 4984.173746
18 5050.154661
18 5133.118507
18 5231.702765
18 5373.500048
18 5510.549442
18 5623.957772
18 5748.015084
18 5817.021538
18 5977.627422
19 90.107279
19 214.751989
19 368.031148
19 448.839755
19 519.446823
19 525.758799
19 702.108808
19 825.982862
19 958.205498
19 1058.392988
19 1212.918163
19 1352.846785
19 1543.345266
19 1620.046827
19 1762.067109
19 1850.685878
19 1925.902742
19 2050.205225
19 2110.769210
19 2246.440669
19 2379.168140
19 2451.039501
19 2556.509387
19 2695.015261
19 2744.745286
19 2873.759894
19 3010.612585
19 3162.254570
19 3214.152301
19 3338.153583
19 3521.393923
19 3678.254053
19 3772.293510
19 3859.204322
19 3934.292366
19 4033.612769
19 4150.688750
19 4272.485711
19 4372.247852
19 4520.449795
19 4584.479079
19 4726.282212
19 4849.221961
19 4944.085135
19 5053.159645
19 5198.619797
19 5337.095365
19 5444.093046
19 5520.620504
19 5623.313735
19 5747.796210
19 5877.942881
20 131.691040
20 214.495559
20 339.359412
20 446.469216
20 552.549664
20 627.422239
20 752.156367
20 865.734462
20 984.572574
20 1028.249592
20 1097.403244
20 1227.677029
20 1360.108619
20 1510.407162
20 1624.080990
20 1760.221730
20 1830.479677
20 1892.719395
20 2072.688082
20 2217.357688
20 2344.927252
20 2438.599568
20 2542.958485
20 2680.209124
20 2765.275039
20 2899.258650
20 2949.506046
20 3103.520371
20 3155.754874
20 3252.458545
20 3373.807344
20 3477.806322
20 3626.028609
20 3772.813227
20 3912.787914
20 4052.587376
20 4208.785944
20 4298.826364
20 4388.729308
20 4527.236890
20 4548.964305
20 4616.295279
20 4736.339716
20 4886.517179
20 4975.131406
20 5108.967645
20 5134.906663
20 5254.581526
20 5341.456538
20 5427.576001
20 5580.151426
20 5749.630388
20 5847.986643
20 5982.768213
21 72.036126
21 232.931355
21 356.284651
21 500.874472
21 589.436170
21 732.934152
21 898.116810
21 1048.733720
21 1180.536129
21 1247.150405
21 1341.851313
21 1461.784422
21 1579.927550
21 1686.461911
21 1846.008184
21 1911.671039
21 2026.205615
21 2190.360200
21 2371.941869
21 2501.507085
21 2599.092353
21 2745.351646
21 2837.248612
21 2945.550460
21 3077.909766
21 3217.042250
21 3347.053003
21 3470.714573
21 3555.096570
21 3646.736978
21 3784.590058
21 3936.774845
21 4079.883347
21 4227.515662
21 4387.911820
21 4561.597541
21 4683.530354
21 4789.579714
21 4949.760836
21 5013.615392
21 5121.877973
21 5311.535929
21 5412.769916
21 5520.488683
21 5661.222596
21 5728.416474
21 5846.841471
21 5943.806492
22 133.553581
22 258.992822
22 344.978073
22 453.847474
22 528.259317
22 633.979512
22 781.938764
22 891.446861
22 942.422551
22 1095.348936
22 1262.156858
22 1404.120266
22 1511.306072
22 1599.020536
22 1658.315607
22 1717.095985
22 1827.743748
22 1942.382925
22 2161.001622
22 2290.255551
22 2431.093731
22 2531.874000
22 2675.089352
22 2707.320977
22 2900.259181
22 2981.599320
22 3158.649710
22 3299.545787
22 3390.362369
22 3447.260499
22 3463.362781
22 3518.859902
22 3677.507218
22 3792.704420
22 3859.401015
22 3954.963697
22 4115.239698
22 4188.682233
22 4350.695153
22 4471.081926
22 4609.928461
22 4706.421672
22 4816.713233
22 4927.018428
22 5073.558459
22 5166.910609
22 5294.256715
22 5510.775619
22 5577.053543
22 5660.854352
22 5797.277001
22 5928.920162
23 103.096587
23 231.696648
23 342.765987
23 462.633193
23 566.944163
23 696.634944
23 862.074706
23 1019.905590
23 1164.129272
23 1300.072099
23 1401.321680
23 1463.782124
23 1597.048489
23 1620.720026
23 1731.882189
23 1917.501947
23 1943.359679
23 2031.512656
23 2214.983526
23 2401.461482
23 2559.704751
23 2682.724179
23 2777.176927
23 2816.240916
23 2964.376410
23 3089.237308
23 3222.556767
23 3341.967651
23 3468.848805
23 3610.115518
23 3678.871702
23 3776.040126
23 3832.036110
23 3981.945033
23 4084.168112
23 4235.599699
23 4391.651294
23 4606.085322
23 4651.865674
23 4797.179225
23 4986.853242
23 5070.824555
23 5169.814033
23 5277.140729
23 5360.569325
23 5494.000631
23 5604.331125
23 5749.904837
23 5878.714703
24 89.720039
24 182.502045
24 304.077149
24 424.013496
24 594.746267
24 794.774586
24 915.765183
24 1113.080811
24 1211.208947
24 1354.115404
24 1412.976990
24 1489.057010
24 1647.047999
24 1758.876674
24 1880.521084
24 2002.049020
24 2087.317994
24 2284.869474
24 2400.600850
24 2546.154222
24 2658.468678
24 2833.442619
24 2945.292250
24 3076.217404
24 3211.866987
24 3328.176304
24 3371.400239
24 3522.204502
24 3609.289219
24 3678.950863
24 3829.415003
24 3985.377909
24 4130.857904
24 4272.798073
24 4386.597905
24 4532.942325
24 4551.360484
24 4624.683168
24 4779.911002
24 4886.415802
24 4984.540327
24 5071.037263
24 5178.153465
24 5342.969098
24 5439.002656
24 5606.938215
24 5741.536576
24 5879.244072
24 5998.814012
25 61.695558
25 179.158424
25 281.137334
25 393.165325
25 494.846701
25 655.548911
25 752.054567
25 915.025966
25 1068.474769
25 1157.749345
25 1284.981600
25 1425.728395
25 1465.129979
25 1581.390558
25 1731.912605
25 1831.158479
25 1976.117474
25 2144.602158
25 2347.497115
25 2510.924555
25 2633.818887
25 2739.313876
25 2853.689904
25 3011.242097
25 3118.588550
25 3233.642050
25 3252.157300
25 3424.187942
25 3589.090390
25 3707.660599
25 3834.896744
25 3936.970419
25 4131.902196
25 4228.558609
25 4377.701778
25 4490.517473
25 4543.729405
25 4684.919602
25 4768.798706
25 4853.552415
25 4982.974947
25 5045.190226
25 5120.701055
25 5254.743130
25 5376.030059
25 5461.567012
25 5570.028078
25 5685.107243
25 5832.933940
26 158.389588
26 249.257374
26 323.851908
26 419.097346
26 587.811273
26 663.426266
26 768.940442
26 892.156284
26 1007.842821
26 1135.002369
26 1270.866035
26 1375.763748
26 1509.241328
26 1636.230540
26 1779.911546
26 1972.079584
26 2089.542238
26 2218.127436
26 2368.913300
26 2437.275878
26 2599.853146
26 2736.270797
26 2902.137620
26 3038.756511
26 3151.042524
26 3302.262647
26 3442.328341
26 3548.057673
26 3680.570534
26 3794.304232
26 3862.215906
26 3964.294617
26 4150.951728
26 4253.900403
26 4392.609456
26 4491.952365
26 4682.020686
26 4779.560822
26 4863.627279
26 4967.662943
26 5076.259222
26 5133.090784
26 5234.243498
26 5344.502947
26 5461.827252
26 5606.653003
26 5752.837922
26 5856.915257
26 5969.492146
27 171.614354
27 216.486905
27 298.285213
27 444.472825
27 536.037672
27 718.314361
27 832.635215
27 981.663660
27 1141.299840
27 1315.685514
27 1396.591439
27 1557.157284
27 1665.074876
27 1819.651960
27 1900.700887
27 2069.506338
27 2167.820695
27 2219.411587
27 2332.033967
27 2424.101514
27 2571.800282
27 2657.031972
27 2683.024448
27 2898.830359
27 2965.022002
27 3093.398035
27 3204.477410
27 3273.693927
27 3354.330983
27 3499.260736
27 3591.769822
27 3708.283566
27 3863.657406
27 3984.710621
27 4126.156654
27 4222.013732
27 4330.348578
27 4477.561157
27 4612.224297
27 4683.722085
27 4790.642808
27 4893.083332
27 5049.013674
27 5210.581404
27 5326.308411
27 5483.863975
27 5595.946232
27 5726.434457
27 5885.281344
28 150.108658
28 285.986843
28 445.745408
28 600.476622
28 719.058995
28 866.605190
28 1018.158965
28 1195.481371
28 1321.950137
28 1519.176428
28 1637.478843
28 1832.450941
28 2004.976497
28 2131.201960
28 2284.372831
28 2414.596055
28 2535.667190
28 2667.541353
28 2748.472597
28 2849.807656
28 2943.595224
28 3087.540464
28 3228.956606
28 3390.156074
28 3484.897830
28 3588.800095
28 3631.597081
28 3728.413019
28 3902.946425
28 4057.322592
28 4173.874003
28 4272.273955
28 4415.463587
28 4532.286081
28 4680.340070
28 4827.543599
28 4838.557130
28 4931.809937
28 5100.305957
28 5297.617735
28 5403.681120
28 5538.834833
28 5569.144318
28 5623.145050
28 5681.222448
28 5754.085201
28 5873.238281
29 167.200244
29 301.811699
29 446.990240
29 587.713910
29 776.670925
29 885.698633
29 1038.493920
29 1124.409854
29 1334.639761
29 1428.898764
29 1638.978985
29 1806.181662
29 1938.225131
29 2091.055876
29 2286.089368
29 2484.935367
29 2657.399783
29 2838.430570
29 2944.746316
29 3079.142761
29 3219.717891
29 3317.227802
29 3421.213362
29 3588.689076
29 3703.901243
29 3812.593928
29 3955.003322
29 4127.095359
29 4184.973013
29 4270.515723
29 4374.208884
29 4491.234513
29 4596.987370
29 4725.609679
29 4908.224760
29 5004.193298
29 5141.858154
29 5316.929804
29 5427.342795
29 5484.287723
29 5569.037858
29 5770.596737
29 5885.380918
30 170.078250
30 337.090390
30 509.142966
30 600.352368
30 677.920628
30 821.638458
30 918.271443
30 985.183756
30 1186.173297
30 1263.942914
30 1378.258584
30 1510.541754
30 1619.519843
30 1778.665668
30 1942.252730
30 2128.003088
30 2210.816874
30 2342.796998
30 2488.324651
30 2631.350898
30 2816.418609
30 2935.402855
30 3041.274767
30 3210.589397
30 3338.477537
30 3495.006467
30 3630.097943
30 3771.273709
30 3920.313351
30 4107.825013
30 4210.858707
30 4362.183525
30 4472.831641
30 4650.519177
30 4727.525302
30 4852.374851
30 4992.797295
30 5145.508132
30 5274.664953
30 5374.550801
30 5477.445929
30 5590.468689
30 5700.518898
30 5818.177208
30 5930.040158
31 88.824554
31 215.392204
31 366.270625
31 528.535622
31 604.572356
31 752.161493
31 882.436313
31 1026.201260
31 1114.028339
31 1287.835233
31 1350.581732
31 1493.266791
31 1658.185972
31 1745.711842
31 1943.867200
31 2000.645456
31 2131.132757
31 2229.026855
31 2359.955603
31 2517.073980
31 2688.270312
31 2853.042070
31 2933.979528
31 3083.846487
31 3270.425010
31 3424.971868
31 3631.417175
31 3740.511055
31 3860.678782
31 4035.509290
31 4162.311389
31 4270.825178
31 4368.390871
31 4488.953116
31 4620.237522
31 4760.196530
31 4886.614269
31 5027.309812
31 5217.614584
31 5399.281933
31 5415.306115
31 5586.570541
31 5721.360104
31 5835.699264
31 5941.097450
32 89.846131
32 215.746289
32 390.301415
32 552.949275
32 586.037193
32 810.033513
32 917.966719
32 983.714009
32 1066.445719
32 1228.396607
32 1441.505916
32 1582.714579
32 1761.182132
32 1804.208185
32 1881.588465
32 2012.476545
32 2127.170245
32 2253.433311
32 2311.676710
32 2436.601122
32 2558.378258
32 2736.621394
32 2868.310683
32 3019.068610
32 3161.149839
32 3315.471771
32 3447.734990
32 3593.981824
32 3649.354091
32 3791.021734
32 3896.242413
32 3990.400202
32 4237.148155
32 4463.131060
32 4563.789829
32 4727.018208
32 4905.367712
32 5049.098986
32 5179.765172
32 5303.990802
32 5424.207251
32 5546.319443
32 5683.163145
32 5859.334049
33 211.094895
33 383.942099
33 553.720550
33 682.073888
33 775.931253
33 914.891980
33 1156.721293
33 1332.992295
33 1357.140315
33 1466.824525
33 1621.869011
33 1745.946054
33 1803.554233
33 1936.723042
33 2088.366523
33 2261.940210
33 2415.180971
33 2599.132600
33 2768.050289
33 2899.984976
33 3042.825913
33 3198.738496
33 3352.441517
33 3465.408846
33 3610.697536
33 3726.894739
33 3897.391823
33 4057.214947
33 4195.436194
33 4344.975159
33 4463.775652
33 4610.445793
33 4683.038607
33 4830.534178
33 4948.813911
33 5108.867198
33 5300.042431
33 5408.848655
33 5663.873721
33 5791.539384
33 5949.991488
34 149.454526
34 216.940005
34 337.533077
34 536.739733
34 629.756268
34 811.553479
34 949.433176
34 1051.428643
34 1120.699957
34 1262.900975
34 1400.511782
34 1528.971149
34 1622.120336
34 1760.303635
34 1912.083592
34 2028.423410
34 2132.415923
34 2214.896329
34 2464.178977
34 2655.834944
34 2787.786204
34 2981.109439
34 3125.228740
34 3228.081733
34 3352.665296
34 3454.830777
34 3609.248214
34 3772.182256
34 3896.178249
34 4040.714497
34 4129.786320
34 4297.159574
34 4416.941211
34 4549.914046
34 4710.589767
34 4854.851466
34 5042.418790
34 5163.586949
34 5334.803527
34 5397.636202
34 5507.475863
34 5697.904508
34 5844.634725
35 152.421341
35 329.001049
35 525.944619
35 591.347048
35 690.793918
35 866.025168
35 999.903220
35 1157.892851
35 1229.640325
35 1283.145983
35 1403.824185
35 1579.803713
35 1828.456218
35 2028.758699
35 2144.492981
35 2254.335377
35 2401.747913
35 2516.828046
35 2704.993910
35 2837.767679
35 3092.686341
35 3216.676322
35 3393.625398
35 3566.256816
35 3744.792043
35 3837.685276
35 3897.286489
35 4070.545526
35 4240.350428
35 4437.948601
35 4651.019842
35 4764.888420
35 4951.213770
35 5054.760629
35 5209.466675
35 5381.130210
35 5570.346484
35 5666.464398
35 5837.812357
35 5892.573469
36 101.747585
36 264.941682
36 424.692599
36 528.651681
36 648.719400
36 769.990099
36 939.433579
36 1139.955629
36 1303.586840
36 1554.439053
36 1668.103332
36 1849.762485
36 1946.438978
36 2164.722652
36 2332.866028
36 2457.278780
36 2579.960447
36 2684.000990
36 2873.947973
36 3078.721247
36 3196.644190
36 3286.575293
36 3499.053537
36 3680.986482
36 3938.089215
36 4056.315237
36 4189.821391
36 4343.892766
36 4562.841597
36 4743.475876
36 4903.228023
36 5084.901525
36 5279.076137
36 5465.037289
36 5572.827427
36 5749.641516
36 5927.418125
37 150.333314
37 348.217703
37 430.451886
37 558.521959
37 663.472615
37 735.403270
37 818.318666
37 1001.359307
37 1157.886265
37 1296.578567
37 1399.668664
37 1467.428743
37 1597.792803
37 1808.111880
37 1913.148803
37 2028.015847
37 2210.316692
37 2401.406891
37 2598.491542
37 2717.782360
37 2933.518066
37 3111.606939
37 3293.939356
37 3560.394037
37 3726.078497
37 3838.798370
37 3991.488092
37 4090.495591
37 4190.918549
37 4390.035271
37 4613.983615
37 4725.152483
37 4886.422928
37 5055.553858
37 5255.716753
37 5409.785202
37 5570.136586
37 5698.202963
37 5850.612960
38 143.897971
38 327.452680
38 448.143592
38 648.879286
38 913.810603
38 1032.571682
38 1192.857561
38 1328.449428
38 1495.211764
38 1624.370914
38 1719.893933
38 1886.595874
38 2072.036821
38 2190.604586
38 2310.348483
38 2489.484669
38 2578.054608
38 2744.964991
38 2904.478501
38 3060.407332
38 3192.936857
38 3292.949168
38 3497.012645
38 3751.135250
38 3887.000425
38 3953.198005
38 4148.588983
38 4316.257246
38 4521.159225
38 4705.777729
38 4848.329680
38 4908.386927
38 5085.976361
38 5234.594218
38 5376.288447
38 5416.301712
38 5570.151864
38 5792.637563
38 5910.476281
39 127.610050
39 231.649713
39 405.890697
39 489.123751
39 563.117781
39 749.184759
39 927.316515
39 1008.791257
39 1230.509038
39 1410.868393
39 1583.072328
39 1743.232642
39 1953.220429
39 2143.382652
39 2286.958554
39 2401.770476
39 2541.099798
39 2742.364219
39 2831.033234
39 3088.435591
39 3195.847896
39 3283.885201
39 3424.075839
39 3562.116762
39 3765.742664
39 3938.526744
39 4103.317033
39 4297.457517
39 4457.914452
39 4589.050548
39 4730.974855
39 4886.532648
39 5108.541902
39 5271.923972
39 5393.310351
39 5624.982681
39 5748.495974
39 5978.622190
40 129.719935
40 321.559038
40 581.924601
40 768.368811
40 947.905421
40 1066.991149
40 1247.421659
40 1471.856174
40 1638.901596
40 1827.030602
40 1924.722547
40 2126.866018
40 2192.423195
40 2436.800012
40 2565.683127
40 2748.990229
40 2944.060563
40 3050.436907
40 3231.358510
40 3391.574545
40 3649.556928
40 3805.462451
40 3962.935344
40 4195.688700
40 4390.293516
40 4556.776443
40 4819.327340
40 4960.368997
40 5179.698046
40 5344.524735
40 5402.247356
40 5539.754033
40 5682.967022
40 5826.180546
40 5929.562522
41 134.814849
41 315.040045
41 486.059936
41 662.165761
41 869.179635
41 1070.590841
41 1284.508137
41 1511.571682
41 1654.862788
41 1945.660383
41 2147.129649
41 2288.812299
41 2437.435009
41 2598.771250
41 2725.523280
41 2874.553304
41 3015.136261
41 3206.589437
41 3373.202691
41 3575.326208
41 3733.333160
41 3965.246536
41 4221.145512
41 4490.177425
41 4683.604490
41 4854.682489
41 5050.947759
41 5171.010146
41 5298.633387
41 5338.602049
41 5393.451003
41 5569.798593
41 5741.310090
41 5901.521240
42 99.571275
42 330.319628
42 527.426964
42 703.129907
42 874.081225
42 1030.356274
42 1212.188917
42 1378.586564
42 1582.570899
42 1728.848765
42 1941.155080
42 2091.383224
42 2286.686833
42 2482.410495
42 2629.264711
42 2855.334569
42 3005.928640
42 3217.214959
42 3375.698278
42 3478.817470
42 3586.682975
42 3843.609607
42 3997.108816
42 4130.587897
42 4283.065959
42 4416.755367
42 4531.915182
42 4758.554228
42 4986.811796
42 5176.326325
42 5399.415279
42 5604.065414
42 5875.515935
43 185.556743
43 365.157006
43 574.186368
43 792.164869
43 1028.004776
43 1231.185375
43 1319.056060
43 1462.467849
43 1637.977963
43 1888.235315
43 2191.681711
43 2384.421214
43 2570.073100
43 2589.971158
43 2741.951945
43 2973.725491
43 3192.446693
43 3420.791479
43 3557.581005
43 3813.804922
43 3990.483251
43 4255.729158
43 4465.263086
43 4583.080334
43 4805.822614
43 4961.802862
43 5185.772351
43 5389.807966
43 5620.535336
43 5849.250717
44 259.678523
44 427.527580
44 589.306621
44 781.098588
44 932.751729
44 1101.041398
44 1260.600128
44 1517.326616
44 1733.400660
44 1865.116659
44 2054.772011
44 2172.959521
44 2382.386940
44 2599.860412
44 2696.259082
44 2838.498244
44 3034.182195
44 3253.130320
44 3586.687172
44 3863.812179
44 4005.028460
44 4183.536323
44 4416.342038
44 4604.429288
44 4805.145616
44 4982.925257
44 5221.261800
44 5372.792337
44 5570.653473
44 5812.206328
44 5999.207907
45 131.126119
45 333.414825
45 531.956396
45 665.073831
45 893.561295
45 1126.244482
45 1355.832379
45 1519.573164
45 1666.979953
45 1776.917155
45 1944.031932
45 2090.573233
45 2264.771658
45 2393.927431
45 2540.123197
45 2688.029022
45 2936.747498
45 3168.764291
45 3374.070977
45 3497.534797
45 3710.979335
45 3937.216171
45 4196.259770
45 4443.534334
45 4801.083275
45 5029.582665
45 5300.982275
45 5615.883942
45 5877.063630
46 218.965668
46 429.252840
46 702.828079
46 817.037046
46 912.192665
46 1034.301228
46 1285.792485
46 1479.039506
46 1637.108760
46 1833.692345
46 1915.286590
46 2133.634333
46 2346.756559
46 2488.996047
46 2583.842414
46 2816.333822
46 3076.167181
46 3183.879158
46 3391.854087
46 3546.554933
46 3815.861009
46 3979.636565
46 4143.851059
46 4388.505546
46 4630.807120
46 4805.887246
46 4948.696168
46 5128.190653
46 5405.483517
46 5663.702004
46 5834.566632
47 267.674036
47 515.635744
47 811.982593
47 1006.756558
47 1206.409572
47 1401.032053
47 1555.074517
47 1736.087672
47 1872.343900
47 2157.715607
47 2360.121060
47 2561.171449
47 2759.763945
47 3016.001229
47 3221.686423
47 3339.557038
47 3573.802332
47 3736.806084
47 3877.423115
47 4079.926254
47 4344.262521
47 4535.528894
47 4730.069452
47 5012.726099
47 5150.538603
47 5437.965868
47 5765.134574
47 5947.608244
48 256.299415
48 375.580387
48 526.589571
48 842.159063
48 979.654224
48 1129.479406
48 1232.424334
48 1564.619219
48 1830.288254
48 2090.559862
48 2284.335011
48 2472.775102
48 2680.151430
48 2935.725114
48 3122.252410
48 3340.764993
48 3532.653119
48 3727.038525
48 3898.334940
48 4188.931253
48 4345.526926
48 4624.806696
48 4850.859508
48 5030.885242
48 5149.313160
48 5435.199025
48 5709.265040
48 5949.260088
49 235.808126
49 435.011624
49 684.199171
49 915.318952
49 1072.496914
49 1317.214713
49 1556.119655
49 1685.954718
49 1835.102647
49 2131.387223
49 2338.860017
49 2529.444551
49 2741.908430
49 2980.045488
49 3286.790255
49 3466.640662
49 3663.139191
49 4015.838659
49 4218.955897
49 4463.263389
49 4724.610705
49 4908.575601
49 5072.849203
49 5279.372813
49 5441.217719
49 5736.052527
49 5994.049736
50 251.727876
50 479.996060
50 793.827078
50 982.253428
50 1179.446666
50 1483.247477
50 1649.737109
50 1911.741414
50 2206.567555
50 2514.727283
50 2624.609122
50 2852.078557
50 3098.379683
50 3372.928897
50 3775.191367
50 3954.192965
50 4077.014449
50 4219.794896
50 4416.805084
50 4671.994507
50 4882.455649
50 5146.410916
50 5422.816669
50 5805.095013
50 5978.203209
51 86.626450
51 448.454969
51 851.448116
51 1097.433956
51 1313.230069
51 1486.579320
51 1916.677721
51 2189.881552
51 2528.489318
51 2815.204579
51 3038.309858
51 3201.374698
51 3353.057913
51 3603.251550
51 3812.285217
51 4034.412044
51 4219.265055
51 4465.630941
51 4725.599125
51 5015.413279
51 5299.399018
51 5332.758219
51 5570.902078
51 5891.239973
52 234.359989
52 362.323238
52 713.446200
52 863.340100
52 1178.730865
52 1376.171336
52 1477.479017
52 1780.296430
52 2070.865618
52 2258.321234
52 2711.108438
52 3138.759064
52 3422.931546
52 3611.315772
52 3859.137681
52 4148.174743
52 4521.560050
52 4811.478490
52 5232.967796
52 5491.921989
52 5870.819275
53 302.942003
53 564.983120
53 790.036068
53 1002.718055
53 1356.387816
53 1657.710718
53 1892.762909
53 2192.630423
53 2404.647747
53 2745.970772
53 3146.279274
53 3355.490412
53 3545.234615
53 3778.904128
53 4109.587962
53 4389.388295
53 4682.790642
53 4870.619569
53 5197.546750
53 5519.557099
53 5814.609863
54 233.495526
54 591.265553
54 751.440656
54 1068.742157
54 1428.736407
54 1742.288890
54 2072.309951
54 2367.351604
54 2618.856585
54 2917.575424
54 3162.943861
54 3481.251187
54 3864.453318
54 4217.901039
54 4554.214507
54 4906.378843
54 5180.263967
54 5375.133641
54 5649.540607
54 5974.837420
55 261.580783
55 586.851221
55 952.557160
55 1212.136647
55 1494.117722
55 1888.330898
55 2196.429059
55 2598.331021
55 2955.153784
55 3459.125199
55 3678.958050
55 4008.759450
55 4396.479619
55 4611.998240
55 4927.222500
55 5159.501121
55 5572.168543
55 5909.662576
56 231.366431
56 530.820506
56 813.531656
56 1185.799313
56 1517.995828
56 1933.984611
56 2192.020361
56 2657.155625
56 3037.281926
56 3556.189808
56 3814.223923
56 4034.766164
56 4533.333517
56 4825.100354
56 5278.120924
56 5498.286468
56 5790.201179
