1 42.569750
1 83.001855
1 172.329769
1 210.269795
1 264.722536
1 334.541267
1 426.661237
1 480.812134
1 525.572573
1 580.731501
1 631.641032
1 714.371883
1 755.187201
1 813.036512
1 865.894255
1 899.280848
1 948.613746
1 1001.394908
1 1077.052313
1 1104.905957
1 1149.292104
1 1221.880377
1 1300.194439
1 1345.542039
1 1400.445494
1 1462.342710
1 1519.419226
1 1562.352007
1 1635.286379
1 1704.721739
1 1756.256538
1 1813.159099
1 1883.780820
1 1924.873363
1 2010.429099
1 2094.221131
1 2172.846894
1 2255.959315
1 2317.806211
1 2362.907926
1 2422.788876
1 2452.698607
1 2503.936668
1 2580.113588
1 2631.835584
1 2658.053094
1 2696.406162
1 2758.744329
1 2815.364508
1 2859.844983
1 2889.778627
1 2946.149181
1 3007.919715
1 3058.692822
1 3125.137723
1 3186.167427
1 3234.394887
1 3301.425627
1 3358.463148
1 3434.705096
1 3465.637693
1 3529.594632
1 3591.247030
1 3663.927639
1 3717.155921
1 3736.425453
1 3802.420096
1 3837.210063
1 3887.055700
1 3923.557645
1 3972.178501
1 4032.556248
1 4068.082659
1 4122.487189
1 4198.601621
1 4265.928973
1 4313.431154
1 4339.055270
1 4402.662953
1 4430.910592
1 4458.908014
1 4498.040865
1 4556.190647
1 4610.707777
1 4651.165026
1 4704.554773
1 4764.493312
1 4848.854510
1 4886.853108
1 4947.465808
1 4995.811937
1 5045.780647
1 5101.604861
1 5155.813411
1 5200.513018
1 5259.204693
1 5317.005476
1 5383.413655
1 5454.361134
1 5478.500656
1 5530.233473
1 5588.684172
1 5621.676677
1 5667.241625
1 5741.612275
1 5794.956874
1 5852.800010
1 5896.747020
1 5947.872658
1 5997.437526
2 28.752887
2 67.932231
2 126.619866
2 195.233126
2 225.869459
2 260.315210
2 335.093529
2 369.512633
2 405.841215
2 430.166737
2 500.208729
2 552.449427
2 620.169931
2 667.594670
2 736.522668
2 760.971608
2 796.760786
2 847.712209
2 915.431052
2 929.001985
2 970.874588
2 1041.203366
2 1083.441544
2 1167.678145
2 1195.553671
2 1259.734927
2 1282.119541
2 1335.830003
2 1348.874795
2 1402.953765
2 1442.521449
2 1483.069561
2 1521.062598
2 1586.858956
2 1654.027902
2 1707.980929
2 1755.821536
2 1821.827666
2 1883.547342
2 1983.593177
2 2031.876622
2 2095.172945
2 2126.726469
2 2172.409185
2 2257.332371
2 2302.319679
2 2373.461726
2 2425.855750
2 2464.307022
2 2515.124073
2 2559.497955
2 2632.854494
2 2697.378254
2 2756.826896
2 2783.978203
2 2824.163911
2 2872.690516
2 2945.772545
2 3017.626999
2 3071.142003
2 3129.728417
2 3150.554770
2 3201.859104
2 3248.012122
2 3312.604695
2 3347.493172
2 3385.948672
2 3449.885152
2 3505.090625
2 3572.665572
2 3612.445310
2 3641.923611
2 3698.842169
2 3735.028121
2 3798.936789
2 3846.619501
2 3907.069814
2 3951.676742
2 4008.597135
2 4083.267351
2 4089.045115
2 4118.627561
2 4182.073786
2 4269.862086
2 4290.221047
2 4382.246153
2 4415.422378
2 4481.700921
2 4521.092841
2 4573.896592
2 4604.488872
2 4674.408308
2 4748.232488
2 4767.790935
2 4816.479833
2 4864.615053
2 4882.463809
2 4953.117523
2 5052.520147
2 5107.477225
2 5171.403516
2 5218.038477
2 5269.078356
2 5325.380130
2 5382.011945
2 5478.515216
2 5522.934461
2 5569.142878
2 5591.106961
2 5649.659496
2 5668.135472
2 5759.103767
2 5812.838938
2 5836.200474
2 5853.780896
2 5890.293854
2 5925.813318
2 5967.214790
3 32.368887
3 85.268443
3 164.167316
3 223.543777
3 279.346164
3 354.564465
3 387.022992
3 477.046017
3 540.169617
3 596.646707
3 644.793586
3 709.016531
3 751.487931
3 875.298312
3 944.256022
3 966.414480
3 1030.515744
3 1066.403066
3 1129.378983
3 1170.319236
3 1218.509918
3 1264.012854
3 1292.420829
3 1379.751617
3 1452.116262
3 1501.720182
3 1552.259343
3 1623.859099
3 1692.660228
3 1737.429345
3 1812.837387
3 1856.956650
3 1925.463507
3 1963.208708
3 2014.045159
3 2052.095994
3 2113.791526
3 2181.904600
3 2228.079154
3 2286.915296
3 2318.184006
3 2367.677058
3 2430.307123
3 2513.738566
3 2582.339733
3 2657.154599
3 2704.366542
3 2756.791726
3 2780.097657
3 2837.281617
3 2892.668286
3 2929.044047
3 3003.836850
3 3078.639412
3 3147.383038
3 3168.099383
3 3202.467501
3 3246.449746
3 3292.319006
3 3382.942508
3 3444.044407
3 3474.473876
3 3505.866705
3 3603.087270
3 3638.462653
3 3690.098333
3 3742.108194
3 3804.969528
3 3846.322235
3 3871.076764
3 3886.568160
3 3949.605494
3 4016.161873
3 4070.638369
3 4140.208157
3 4155.178918
3 4217.629596
3 4233.107046
3 4305.188140
3 4335.926199
3 4414.701502
3 4468.498472
3 4530.432731
3 4579.815932
3 4619.917817
3 4680.971346
3 4704.926042
3 4767.775561
3 4784.998330
3 4829.453077
3 4876.919212
3 4922.521842
3 4969.532514
3 5021.689423
3 5077.277342
3 5116.771024
3 5170.374200
3 5202.606118
3 5243.289558
3 5295.048872
3 5351.608292
3 5386.438769
3 5451.027899
3 5512.189335
3 5572.070091
3 5587.062373
3 5652.771955
3 5712.957134
3 5762.460234
3 5798.982015
3 5864.279419
3 5899.871052
3 5972.191544
4 60.381926
4 82.822685
4 159.094605
4 208.986190
4 261.197166
4 333.175356
4 344.788525
4 406.325677
4 432.901837
4 503.322483
4 562.029968
4 577.362416
4 641.944929
4 703.888025
4 773.771318
4 848.889309
4 898.888383
4 965.525222
4 1027.840469
4 1080.269773
4 1136.721906
4 1171.265377
4 1182.295036
4 1232.251671
4 1274.580256
4 1312.125979
4 1349.861941
4 1409.906106
4 1442.245358
4 1504.660244
4 1525.063577
4 1623.058999
4 1671.733742
4 1754.326532
4 1802.097344
4 1849.319230
4 1884.271237
4 1940.989186
4 1989.714142
4 2034.289540
4 2097.501109
4 2120.705918
4 2171.114301
4 2236.617491
4 2305.642533
4 2359.902960
4 2426.965589
4 2472.122732
4 2530.435671
4 2614.018724
4 2631.369610
4 2695.794934
4 2755.619291
4 2834.438015
4 2894.624401
4 2923.324180
4 2998.220568
4 3046.853215
4 3129.858691
4 3151.387918
4 3190.072879
4 3265.294307
4 3308.697600
4 3334.613707
4 3404.864530
4 3481.829760
4 3536.760307
4 3613.476427
4 3673.340395
4 3713.668619
4 3734.928101
4 3761.997357
4 3800.504372
4 3883.908204
4 3944.800965
4 4028.349280
4 4063.317970
4 4126.568667
4 4181.080387
4 4258.596737
4 4317.008218
4 4373.187044
4 4431.127078
4 4477.231696
4 4522.732839
4 4554.860939
4 4583.346215
4 4671.579818
4 4735.647481
4 4775.522301
4 4851.576761
4 4883.695123
4 4922.247735
4 4951.950946
4 4980.054098
4 5031.589348
4 5102.690420
4 5150.574890
4 5179.485932
4 5215.162820
4 5244.530953
4 5281.197106
4 5350.685553
4 5435.023115
4 5491.656639
4 5541.620070
4 5590.166335
4 5665.148070
4 5738.137502
4 5781.878668
4 5846.594884
4 5899.245900
4 5956.855232
5 86.858907
5 133.330609
5 183.852995
5 231.020180
5 271.827263
5 307.315434
5 341.773057
5 377.996234
5 428.738434
5 528.549615
5 538.838358
5 611.117066
5 669.237723
5 715.720050
5 774.105462
5 831.939795
5 881.420427
5 933.709622
5 958.990536
5 987.681585
5 1026.369749
5 1098.162892
5 1169.171569
5 1204.580963
5 1271.587924
5 1352.028600
5 1449.259076
5 1507.978744
5 1547.820372
5 1584.910096
5 1676.951539
5 1734.124077
5 1767.243899
5 1835.425025
5 1906.074964
5 1964.795512
5 2030.962570
5 2067.128652
5 2124.502621
5 2172.766982
5 2213.145620
5 2304.091437
5 2342.745483
5 2430.136249
5 2489.837433
5 2584.499102
5 2629.031210
5 2675.084341
5 2754.375934
5 2821.831438
5 2904.003102
5 2968.354473
5 3019.750183
5 3059.020013
5 3124.756757
5 3187.407251
5 3257.997088
5 3315.395730
5 3376.251827
5 3450.283750
5 3498.419019
5 3558.346534
5 3592.787048
5 3671.068555
5 3712.260777
5 3783.892759
5 3863.319904
5 3916.167366
5 3975.008798
5 4048.451976
5 4141.237476
5 4196.653019
5 4231.766313
5 4270.020892
5 4307.927336
5 4362.192746
5 4391.219720
5 4477.322622
5 4548.467438
5 4594.051812
5 4658.650273
5 4705.240813
5 4789.426716
5 4816.037782
5 4876.169395
5 4934.129932
5 4949.617498
5 5018.015079
5 5082.797965
5 5129.243087
5 5162.783617
5 5230.254980
5 5292.019476
5 5325.889423
5 5412.074257
5 5468.230487
5 5529.385843
5 5571.730677
5 5609.945543
5 5649.902982
5 5682.060569
5 5733.015719
5 5770.496021
5 5813.802913
5 5848.049176
5 5927.230587
5 5961.589528
6 80.637828
6 131.437169
6 165.934593
6 220.485944
6 265.529697
6 350.353043
6 423.427706
6 477.743788
6 520.722843
6 575.648145
6 624.464615
6 688.698282
6 736.601383
6 787.900330
6 874.562713
6 920.617996
6 983.209243
6 1048.712898
6 1110.036620
6 1180.158364
6 1231.652591
6 1297.083929
6 1330.948964
6 1396.845216
6 1454.034787
6 1500.559927
6 1559.263300
6 1587.566943
6 1656.217269
6 1726.802991
6 1798.373602
6 1856.069747
6 1922.357018
6 1984.840654
6 2013.879705
6 2094.189491
6 2135.508549
6 2212.466599
6 2277.771648
6 2309.901322
6 2371.994045
6 2410.605798
6 2448.831741
6 2509.620300
6 2560.043643
6 2631.448786
6 2674.770975
6 2735.606867
6 2786.550972
6 2818.467263
6 2860.512910
6 2913.589075
6 2987.817321
6 3075.505553
6 3146.292438
6 3177.349026
6 3201.808857
6 3259.159465
6 3334.010437
6 3395.356495
6 3433.052250
6 3465.622360
6 3525.999067
6 3584.928804
6 3636.920926
6 3688.680935
6 3734.602705
6 3776.047755
6 3843.784315
6 3885.547707
6 3950.102353
6 4020.277332
6 4067.637059
6 4139.854445
6 4169.211261
6 4230.624324
6 4289.171696
6 4340.043822
6 4401.222763
6 4456.653214
6 4508.760090
6 4556.402614
6 4637.106270
6 4725.200865
6 4768.579961
6 4821.394579
6 4848.239736
6 4926.379504
6 4941.398401
6 4993.653599
6 5059.668113
6 5110.794148
6 5145.389894
6 5227.605885
6 5252.925446
6 5318.558401
6 5337.965727
6 5408.519263
6 5453.135814
6 5516.548589
6 5564.744236
6 5614.405080
6 5640.040599
6 5682.034018
6 5743.798890
6 5780.454432
6 5845.657380
6 5874.530421
6 5952.447591
6 5999.839197
7 46.187118
7 98.105690
7 147.551369
7 204.588531
7 282.667224
7 359.624361
7 411.610339
7 442.693132
7 482.538910
7 523.590383
7 567.483850
7 610.158446
7 667.305089
7 734.770893
7 821.465183
7 849.292837
7 943.936830
7 977.159824
7 1015.489286
7 1048.229661
7 1097.382442
7 1108.707158
7 1201.628809
7 1250.532515
7 1336.585819
7 1374.081744
7 1430.637406
7 1469.670181
7 1509.272736
7 1583.810225
7 1635.717932
7 1656.042535
7 1701.554262
7 1788.066285
7 1813.040058
7 1868.092891
7 1937.265399
7 2006.332607
7 2050.610406
7 2107.189929
7 2160.694436
7 2225.337247
7 2313.240786
7 2370.401475
7 2409.572915
7 2442.172238
7 2533.731382
7 2587.180881
7 2632.994917
7 2702.216393
7 2758.238868
7 2820.290508
7 2896.729592
7 2992.040689
7 3071.642056
7 3148.116933
7 3161.117135
7 3218.105196
7 3260.751483
7 3291.740938
7 3344.867022
7 3421.273884
7 3467.870781
7 3508.041301
7 3576.320291
7 3643.449613
7 3689.720063
7 3747.797727
7 3837.440258
7 3925.205238
7 3973.095732
7 4006.544150
7 4076.375309
7 4100.976780
7 4164.461825
7 4197.686983
7 4299.715743
7 4334.422932
7 4391.993471
7 4461.360288
7 4473.972007
7 4555.340542
7 4583.518668
7 4699.378326
7 4765.369689
7 4831.670326
7 4897.149917
7 4948.460527
7 5017.926006
7 5061.872930
7 5102.398412
7 5183.692867
7 5246.311769
7 5298.382856
7 5358.867866
7 5418.840345
7 5470.482593
7 5522.840609
7 5562.089132
7 5629.282052
7 5666.051836
7 5714.362484
7 5783.067556
7 5851.698556
7 5900.245275
7 5964.762995
8 41.911868
8 100.810905
8 144.974258
8 241.321305
8 266.464015
8 322.605823
8 370.914340
8 430.299924
8 469.551634
8 565.751443
8 591.231293
8 641.425308
8 666.132023
8 757.125683
8 823.402178
8 869.811072
8 945.964831
8 979.741411
8 1064.903612
8 1096.352914
8 1146.603062
8 1222.599190
8 1249.236802
8 1314.864623
8 1360.858638
8 1427.530714
8 1511.732527
8 1588.149138
8 1653.720912
8 1704.550292
8 1732.764438
8 1776.290214
8 1814.675096
8 1876.986415
8 1930.757133
8 1984.348960
8 2058.604814
8 2094.137745
8 2116.954167
8 2174.029349
8 2225.814481
8 2305.145756
8 2363.376717
8 2425.857862
8 2468.042209
8 2514.166870
8 2561.568481
8 2631.611419
8 2652.752961
8 2709.770232
8 2722.971889
8 2761.162001
8 2820.821635
8 2895.262632
8 2968.262804
8 3003.641431
8 3057.970982
8 3142.496559
8 3205.743245
8 3254.390395
8 3359.802400
8 3420.269783
8 3522.875544
8 3544.656778
8 3575.398003
8 3616.508299
8 3681.879443
8 3743.800870
8 3784.850263
8 3842.381716
8 3889.014383
8 3940.381086
8 4016.154227
8 4075.645779
8 4137.115990
8 4211.295135
8 4266.708193
8 4310.282140
8 4338.647338
8 4394.230948
8 4440.939044
8 4517.045595
8 4577.956757
8 4625.609963
8 4682.602379
8 4733.803365
8 4816.821485
8 4846.331516
8 4887.639303
8 4954.586804
8 5020.932891
8 5035.474307
8 5079.083643
8 5148.667806
8 5179.039326
8 5258.698525
8 5324.712633
8 5409.688107
8 5481.545416
8 5547.829194
8 5607.830660
8 5694.976682
8 5756.913358
8 5797.938572
8 5847.258958
8 5894.144915
8 5957.700763
9 44.230580
9 86.558453
9 136.629258
9 206.533033
9 265.818424
9 300.645126
9 374.366661
9 406.734474
9 482.600084
9 540.881384
9 610.853071
9 682.727719
9 701.743460
9 775.387834
9 821.164066
9 861.760617
9 916.836080
9 976.171125
9 1026.748596
9 1082.442392
9 1145.742687
9 1187.673195
9 1266.768929
9 1351.289641
9 1376.371545
9 1411.776722
9 1440.504606
9 1500.990686
9 1579.970359
9 1633.750551
9 1695.587333
9 1763.557957
9 1855.364454
9 1932.087439
9 1991.949028
9 2035.267680
9 2094.039705
9 2174.958270
9 2223.045336
9 2280.095133
9 2336.928896
9 2355.458380
9 2430.011593
9 2481.323586
9 2554.344494
9 2584.583935
9 2653.134645
9 2702.337307
9 2724.744110
9 2786.254730
9 2840.884120
9 2922.233932
9 2966.043577
9 3050.207005
9 3129.736640
9 3192.967245
9 3256.783449
9 3314.379866
9 3335.809784
9 3400.611590
9 3476.334789
9 3527.797115
9 3618.241715
9 3690.081268
9 3733.463221
9 3783.872287
9 3819.554947
9 3896.820069
9 3957.185004
9 3992.457936
9 4044.742476
9 4135.335903
9 4186.944988
9 4230.794903
9 4277.673207
9 4337.630463
9 4412.435097
9 4451.194113
9 4510.184431
9 4555.514060
9 4584.059435
9 4641.936254
9 4698.771368
9 4748.630683
9 4791.212978
9 4846.153829
9 4905.981896
9 4944.018877
9 5001.609901
9 5043.183312
9 5100.800360
9 5134.509074
9 5197.018987
9 5282.685292
9 5316.361122
9 5378.510649
9 5408.647799
9 5452.801293
9 5502.614100
9 5593.100036
9 5647.854587
9 5714.445834
9 5784.021196
9 5847.715253
9 5912.536531
9 6000.452506
10 41.187809
10 80.837670
10 139.662155
10 223.598894
10 254.600787
10 326.079342
10 377.245913
10 468.662173
10 525.094237
10 565.817580
10 644.891374
10 687.694380
10 791.520739
10 845.562771
10 946.707589
10 990.498335
10 1079.086833
10 1126.703836
10 1169.255338
10 1277.685577
10 1333.399086
10 1413.889124
10 1456.935910
10 1507.142082
10 1569.257295
10 1637.548675
10 1654.980837
10 1727.494802
10 1801.640340
10 1900.242537
10 1983.420329
10 2062.854700
10 2105.579534
10 2160.253176
10 2184.603343
10 2223.316712
10 2254.629349
10 2334.767377
10 2380.183894
10 2424.115742
10 2490.552972
10 2531.703617
10 2583.818916
10 2658.749201
10 2710.914525
10 2756.247093
10 2822.124555
10 2871.609690
10 2932.481373
10 2983.915659
10 3056.884180
10 3075.954842
10 3153.078197
10 3208.600444
10 3255.322848
10 3303.459923
10 3359.509964
10 3397.084751
10 3435.935180
10 3492.652121
10 3523.575237
10 3599.508982
10 3643.448257
10 3732.676314
10 3780.107162
10 3843.573991
10 3891.663221
10 3950.681588
10 3995.494367
10 4034.744132
10 4117.918477
10 4145.014688
10 4168.574544
10 4245.526783
10 4310.798452
10 4380.930421
10 4433.940506
10 4500.616418
10 4540.828094
10 4617.617671
10 4663.644423
10 4708.959575
10 4775.011059
10 4847.337546
10 4889.467101
10 4924.995268
10 4928.193274
10 5016.733442
10 5079.238515
10 5151.775230
10 5181.321168
10 5257.860122
10 5344.346667
10 5434.368134
10 5484.127443
10 5546.067198
10 5590.808942
10 5632.697792
10 5695.244496
10 5725.719169
10 5793.986530
10 5860.772531
10 5896.936867
10 5950.007357
11 30.858964
11 90.663321
11 160.039820
11 237.385172
11 263.222833
11 335.266149
11 433.609042
11 497.014760
11 526.049524
11 590.751660
11 625.814540
11 665.431329
11 762.009954
11 822.451102
11 844.454040
11 925.441063
11 957.900254
11 1036.286748
11 1082.850952
11 1134.251266
11 1195.494536
11 1269.234526
11 1345.312954
11 1393.675445
11 1425.613326
11 1489.264720
11 1549.081488
11 1628.131053
11 1679.499912
11 1755.922775
11 1785.713606
11 1854.698578
11 1903.724159
11 1956.808573
11 1994.276050
11 2067.241726
11 2117.156933
11 2175.220938
11 2205.231255
11 2231.540196
11 2303.073650
11 2373.237158
11 2429.290488
11 2493.020597
11 2561.147678
11 2583.083074
11 2631.669855
11 2701.341585
11 2789.574254
11 2862.087331
11 2900.087814
11 2952.842115
11 3021.524608
11 3058.345420
11 3126.762420
11 3158.880715
11 3233.356567
11 3259.495578
11 3314.932067
11 3361.419571
11 3420.655457
11 3509.766104
11 3567.666719
11 3638.327450
11 3716.454296
11 3795.473627
11 3827.753112
11 3874.721822
11 3948.856031
11 3956.680653
11 4016.853209
11 4050.446412
11 4123.458809
11 4182.710573
11 4232.210180
11 4249.895915
11 4305.449091
11 4354.336396
11 4403.751465
11 4459.611660
11 4557.513848
11 4606.732947
11 4674.179877
11 4703.257743
11 4725.424340
11 4815.880048
11 4874.942201
11 4947.430796
11 4990.069539
11 5064.717322
11 5156.000810
11 5201.994729
11 5278.936133
11 5324.344844
11 5361.602835
11 5407.438029
11 5479.433347
11 5535.648731
11 5610.549265
11 5649.053907
11 5713.820626
11 5781.655553
11 5870.248817
11 5930.024512
11 5998.657010
12 41.828900
12 110.297076
12 170.210436
12 237.958903
12 304.121589
12 352.384038
12 407.632843
12 430.420820
12 522.704638
12 593.941812
12 682.787091
12 742.192303
12 821.996777
12 894.292364
12 965.003468
12 1021.845049
12 1101.542533
12 1134.399700
12 1187.178734
12 1281.542300
12 1331.910870
12 1383.757145
12 1455.527518
12 1488.959566
12 1551.152497
12 1594.765452
12 1634.070010
12 1699.588326
12 1755.569280
12 1803.347166
12 1851.149667
12 1896.639488
12 1938.619631
12 2016.091123
12 2071.532592
12 2095.289826
12 2180.645623
12 2258.279419
12 2336.133969
12 2376.141928
12 2428.389878
12 2447.881665
12 2476.728767
12 2543.331400
12 2585.959371
12 2694.580226
12 2760.644878
12 2838.642577
12 2876.589829
12 2946.874301
12 2962.692317
12 3052.654833
12 3097.266283
12 3189.703389
12 3253.333003
12 3289.370343
12 3324.849933
12 3333.727952
12 3366.435909
12 3439.247870
12 3507.083908
12 3528.087969
12 3574.986381
12 3640.176493
12 3689.686263
12 3769.195843
12 3842.203225
12 3884.496874
12 3944.192625
12 3997.899221
12 4058.916417
12 4134.801722
12 4169.762344
12 4236.497374
12 4333.217014
12 4374.110610
12 4412.170541
12 4479.121421
12 4524.412928
12 4622.930243
12 4665.091420
12 4728.273835
12 4764.768534
12 4833.977404
12 4884.450029
12 4947.423190
12 5027.253928
12 5103.623068
12 5173.408133
12 5243.020377
12 5281.302651
12 5318.476303
12 5382.883410
12 5389.671121
12 5447.584618
12 5536.267298
12 5551.258800
12 5591.768881
12 5683.767590
12 5781.699711
12 5845.083982
12 5908.205935
12 5953.908493
12 5972.810264
13 64.885858
13 127.381176
13 179.802531
13 240.663760
13 323.022472
13 352.402125
13 403.365940
13 427.394467
13 500.186098
13 550.031898
13 623.872646
13 699.966192
13 812.365851
13 822.701608
13 897.708859
13 990.197299
13 1031.143212
13 1079.412250
13 1131.626120
13 1172.427940
13 1227.109017
13 1291.290550
13 1377.209938
13 1425.084886
13 1522.582396
13 1567.010455
13 1596.463288
13 1654.622900
13 1708.510679
13 1793.792243
13 1889.917552
13 1939.572839
13 2049.144083
13 2094.648042
13 2155.750044
13 2190.037700
13 2223.560868
13 2299.484780
13 2340.363947
13 2407.292201
13 2470.083537
13 2519.814166
13 2605.995309
13 2659.683566
13 2731.557914
13 2783.286354
13 2857.711727
13 2913.553536
13 2986.284279
13 3059.849502
13 3101.456913
13 3130.545607
13 3198.523457
13 3236.051882
13 3274.474146
13 3360.496303
13 3423.189084
13 3497.473548
13 3559.336819
13 3619.353712
13 3682.186318
13 3695.176819
13 3744.858829
13 3819.024840
13 3855.903806
13 3889.350555
13 3952.307152
13 4000.504301
13 4078.953250
13 4121.740805
13 4166.101756
13 4271.371385
13 4338.025971
13 4388.491053
13 4496.647859
13 4520.625010
13 4586.779614
13 4629.710176
13 4682.742462
13 4730.876824
13 4806.950720
13 4843.818103
13 4925.236162
13 5002.423317
13 5044.684496
13 5113.239311
13 5171.541557
13 5201.229294
13 5246.522069
13 5311.087032
13 5364.547440
13 5432.167511
13 5498.746575
13 5610.573249
13 5666.573904
13 5746.384700
13 5780.091611
13 5845.990589
13 5924.333344
13 5972.914893
14 16.132029
14 89.098117
14 171.640633
14 226.215087
14 256.887686
14 333.576039
14 426.603673
14 474.747438
14 548.753185
14 599.734001
14 625.122630
14 679.763532
14 732.508340
14 774.426702
14 828.811246
14 860.879144
14 900.408997
14 945.623650
14 1021.220335
14 1050.425980
14 1119.231699
14 1169.203365
14 1230.035870
14 1336.644460
14 1411.028171
14 1453.715431
14 1488.757952
14 1547.306538
14 1613.716430
14 1655.642329
14 1708.166411
14 1755.732176
14 1810.078622
14 1882.440986
14 1933.639906
14 1990.854642
14 2049.964212
14 2105.278397
14 2173.719118
14 2265.011767
14 2336.210422
14 2383.456557
14 2449.473196
14 2482.610156
14 2557.422963
14 2616.763569
14 2701.263950
14 2763.166548
14 2820.374836
14 2887.935802
14 2953.734926
14 3003.403743
14 3057.339855
14 3122.428658
14 3145.431010
14 3198.940747
14 3297.333189
14 3334.989814
14 3400.151623
14 3447.082538
14 3543.600837
14 3581.931045
14 3638.657465
14 3670.296399
14 3730.140958
14 3757.219585
14 3783.305194
14 3845.607207
14 3907.557817
14 3970.476870
14 4027.318041
14 4088.043396
14 4140.929013
14 4169.721917
14 4279.336353
14 4291.810489
14 4329.626021
14 4394.895538
14 4444.123968
14 4523.806388
14 4580.876357
14 4652.670292
14 4706.819404
14 4799.972342
14 4837.375323
14 4897.399688
14 4967.274263
14 5032.957101
14 5061.264799
14 5148.159165
14 5182.764813
14 5212.559018
14 5283.435680
14 5317.485201
14 5380.676868
14 5418.845485
14 5432.096037
14 5529.084520
14 5567.347044
14 5630.551096
14 5666.787720
14 5712.858020
14 5758.751416
14 5810.354087
14 5846.333613
14 5906.075505
14 5977.905162
15 48.141583
15 110.638671
15 148.953567
15 254.703755
15 283.211438
15 328.141234
15 386.031183
15 426.648292
15 499.765240
15 566.138870
15 625.265219
15 710.304535
15 756.716630
15 823.514390
15 899.268909
15 944.032914
15 1011.784854
15 1075.096605
15 1171.531686
15 1222.385552
15 1273.602101
15 1351.107071
15 1427.411988
15 1491.977859
15 1549.946826
15 1654.517298
15 1706.725606
15 1783.942973
15 1856.307955
15 1915.722296
15 1991.088546
15 2056.520241
15 2106.273304
15 2156.928814
15 2206.142830
15 2250.264574
15 2293.253594
15 2370.873100
15 2411.337333
15 2499.731271
15 2541.368236
15 2594.835480
15 2613.295574
15 2652.987289
15 2732.987446
15 2803.748213
15 2854.635967
15 2918.385733
15 2965.820948
15 3021.630292
15 3089.815704
15 3144.980008
15 3161.839465
15 3218.971559
15 3292.204654
15 3361.060263
15 3420.019388
15 3482.822867
15 3506.744480
15 3526.000655
15 3552.366874
15 3594.892066
15 3641.535568
15 3707.757104
15 3783.071676
15 3840.626282
15 3923.991684
15 3973.472405
15 4062.147411
15 4106.812743
15 4175.659257
15 4213.573584
15 4309.096676
15 4351.567905
15 4459.894740
15 4514.479016
15 4581.060225
15 4654.023584
15 4727.297547
15 4823.596647
15 4895.534594
15 4986.674870
15 5034.578628
15 5103.628166
15 5146.564685
15 5199.550724
15 5243.433738
15 5319.435017
15 5382.745133
15 5435.692242
15 5504.717149
15 5561.116505
15 5593.400083
15 5626.411669
15 5666.937906
15 5737.830458
15 5779.045548
15 5827.041357
15 5921.816157
15 5962.524431
16 79.745407
16 129.739025
16 157.493179
16 220.717442
16 284.839674
16 338.560261
16 431.606312
16 496.851796
16 567.579400
16 648.174314
16 682.817939
16 723.498757
16 795.981484
16 835.285670
16 865.468446
16 944.993754
16 985.036936
16 1033.113608
16 1090.250816
16 1150.782193
16 1220.110458
16 1287.762477
16 1377.604599
16 1422.833627
16 1449.899370
16 1529.617007
16 1597.668515
16 1680.097898
16 1730.999331
16 1778.249321
16 1854.257233
16 1924.130379
16 1980.747016
16 2046.509907
16 2093.018865
16 2184.439278
16 2256.293116
16 2303.503778
16 2377.580373
16 2448.745381
16 2491.995033
16 2544.156197
16 2589.151324
16 2649.201944
16 2715.108244
16 2771.764418
16 2824.509362
16 2857.111274
16 2915.889111
16 2965.053787
16 3017.563974
16 3072.280418
16 3153.916734
16 3174.982069
16 3216.875246
16 3294.939332
16 3379.573627
16 3405.805616
16 3469.391236
16 3532.806848
16 3590.552692
16 3634.778276
16 3712.214126
16 3758.497810
16 3795.208944
16 3867.472340
16 3910.908870
16 3999.108770
16 4026.282390
16 4074.705607
16 4118.636586
16 4174.969966
16 4230.895733
16 4309.977554
16 4388.022077
16 4433.809998
16 4492.160564
16 4573.914534
16 4641.633042
16 4724.091634
16 4779.894298
16 4847.043595
16 4897.793312
16 4964.716491
16 4997.099192
16 5079.536113
16 5107.842598
16 5165.368090
16 5246.587466
16 5269.593394
16 5343.736828
16 5436.866087
16 5506.725563
16 5513.746952
16 5588.790674
16 5648.621526
16 5697.952552
16 5759.246549
16 5800.430759
16 5827.887070
16 5896.048192
16 5972.314094
17 14.394004
17 111.499057
17 148.264265
17 186.791606
17 223.949460
17 304.309727
17 404.983082
17 454.278911
17 499.149545
17 563.437356
17 578.644684
17 638.423514
17 686.178103
17 735.828803
17 752.667410
17 815.662162
17 876.983568
17 944.669396
17 1003.786548
17 1073.343539
17 1132.704399
17 1198.819197
17 1254.973837
17 1313.481183
17 1331.005433
17 1403.792699
17 1449.407108
17 1486.735831
17 1597.193778
17 1695.160039
17 1738.796806
17 1813.896367
17 1886.874857
17 1949.184064
17 2006.796132
17 2060.825447
17 2111.797932
17 2164.735011
17 2224.110142
17 2300.430544
17 2390.443343
17 2480.145594
17 2562.472740
17 2631.606539
17 2680.329901
17 2714.243386
17 2786.844732
17 2883.329798
17 2956.995425
17 2967.259269
17 3013.879305
17 3073.575878
17 3131.261332
17 3161.742634
17 3213.604367
17 3293.095818
17 3351.834255
17 3426.716401
17 3497.058987
17 3566.950633
17 3622.736341
17 3691.552834
17 3746.752332
17 3815.339530
17 3863.355019
17 3923.726303
17 3975.618634
17 4044.595146
17 4117.900865
17 4173.644906
17 4229.746983
17 4309.825878
17 4350.040053
17 4404.719384
17 4443.586138
17 4493.859604
17 4555.344563
17 4645.133467
17 4689.392181
17 4797.787707
17 4858.693920
17 4924.541752
17 4950.368748
17 4997.289914
17 5040.097353
17 5078.915164
17 5181.061733
17 5212.589254
17 5288.292735
17 5345.708209
17 5388.180873
17 5415.292296
17 5480.051304
17 5533.545088
17 5587.037775
17 5627.049096
17 5693.333241
17 5758.729389
17 5797.751043
17 5838.322544
17 5873.514015
17 5976.474378
18 48.715791
18 137.424661
18 205.381288
18 240.376722
18 281.900092
18 344.163031
18 384.668295
18 463.295374
18 520.957494
18 566.375285
18 620.975885
18 685.182246
18 752.909002
18 792.027192
18 876.216821
18 932.838002
18 1002.344610
18 1050.340618
18 1118.784035
18 1148.484672
18 1202.581348
18 1274.128727
18 1333.814033
18 1428.573810
18 1490.897810
18 1550.107067
18 1644.461360
18 1671.349722
18 1705.852250
18 1802.176257
18 1831.858242
18 1901.060134
18 1937.136513
18 1965.470541
18 1989.362795
18 2079.537569
18 2189.938085
18 2262.300940
18 2309.881823
18 2355.040423
18 2430.044636
18 2462.956873
18 2529.027080
18 2598.249401
18 2699.704753
18 2750.679733
18 2818.367002
18 2891.068612
18 2965.347039
18 3002.975977
18 3027.131127
18 3096.058038
18 3163.095673
18 3252.771351
18 3340.369576
18 3387.183427
18 3463.785834
18 3506.356202
18 3569.959225
18 3640.605999
18 3707.122664
18 3759.655838
18 3828.285812
18 3842.991619
18 3948.145459
18 3976.476157
18 4029.081782
18 4106.514250
18 4166.069597
18 4198.602749
18 4239.050671
18 4313.499637
18 4402.367388
18 4459.931350
18 4555.282184
18 4606.509124
18 4676.264468
18 4726.222880
18 4817.297227
18 4858.316062
18 4923.848897
18 4968.622121
18 5016.845623
18 5077.469120
18 5173.740618
18 5230.943640
18 5257.321977
18 5342.762797
18 5414.717413
18 5517.252183
18 5566.846429
18 5621.950112
18 5692.488256
18 5770.528589
18 5843.164454
18 5907.403288
18 5973.336262
19 63.508915
19 98.137355
19 205.926820
19 258.383737
19 314.973844
19 377.171156
19 450.414135
19 500.116102
19 536.334807
19 563.776697
19 606.445072
19 641.882143
19 711.861796
19 775.512654
19 818.557485
19 865.841288
19 896.597264
19 946.687865
19 1032.095186
19 1078.030885
19 1117.748990
19 1191.055006
19 1265.729286
19 1339.212048
19 1392.198657
19 1477.709599
19 1549.482034
19 1615.061644
19 1732.226436
19 1778.092940
19 1854.087374
19 1900.401685
19 1936.299604
19 1976.104150
19 2059.272144
19 2143.794020
19 2169.972143
19 2263.468377
19 2318.818768
19 2407.477028
19 2459.225086
19 2510.609124
19 2587.090048
19 2633.955536
19 2714.351963
19 2766.077998
19 2838.874228
19 2889.873758
19 2961.482640
19 3063.998926
19 3109.954024
19 3171.977318
19 3224.445161
19 3288.974548
19 3331.187360
19 3375.916257
19 3440.422273
19 3507.025699
19 3544.585853
19 3608.548203
19 3679.037692
19 3708.950666
19 3783.201598
19 3841.304343
19 3886.839787
19 3945.916405
19 3984.616589
19 4069.028311
19 4161.913618
19 4210.049255
19 4232.323842
19 4315.710010
19 4380.589949
19 4459.877631
19 4528.291184
19 4586.477613
19 4610.044522
19 4678.435994
19 4738.782222
19 4774.240819
19 4820.089880
19 4865.354695
19 4945.106776
19 4994.343041
19 5047.655748
19 5111.802652
19 5153.474348
19 5228.080559
19 5248.226284
19 5270.071530
19 5342.405759
19 5408.384473
19 5444.332072
19 5509.874649
19 5609.846343
19 5649.478840
19 5733.163328
19 5804.924083
19 5874.950008
19 5923.423218
19 5966.824543
20 76.675609
20 108.758671
20 208.432278
20 249.326408
20 282.844066
20 340.214787
20 398.129993
20 472.461982
20 522.167182
20 594.819044
20 668.219537
20 733.427971
20 774.953003
20 833.781612
20 899.677605
20 976.897501
20 1050.244051
20 1085.946702
20 1174.414072
20 1222.300937
20 1308.787261
20 1385.507441
20 1430.371652
20 1504.746081
20 1601.308329
20 1670.455232
20 1730.872580
20 1780.239860
20 1835.418635
20 1936.995811
20 1981.657688
20 2056.987573
20 2099.314239
20 2175.062513
20 2203.611410
20 2289.229337
20 2336.482445
20 2405.011889
20 2476.566205
20 2517.477699
20 2588.809025
20 2647.142777
20 2734.391114
20 2796.827658
20 2855.229915
20 2941.551574
20 3004.813268
20 3076.812051
20 3172.841568
20 3225.149943
20 3309.259804
20 3366.460255
20 3389.030171
20 3420.886139
20 3507.178518
20 3528.013154
20 3584.596503
20 3648.666955
20 3697.295522
20 3760.794221
20 3824.038848
20 3886.748450
20 3973.607703
20 4016.326630
20 4121.710120
20 4198.939275
20 4236.503159
20 4342.022507
20 4423.419475
20 4476.016820
20 4533.115342
20 4586.858527
20 4623.392015
20 4683.440985
20 4735.332140
20 4820.388518
20 4866.133480
20 4924.668914
20 4993.809277
20 5079.469026
20 5183.759626
20 5269.594462
20 5353.460537
20 5392.161578
20 5473.177154
20 5514.556935
20 5556.510547
20 5572.592807
20 5594.822525
20 5656.158732
20 5720.344046
20 5778.154660
20 5845.767153
20 5876.712898
20 5973.501410
21 54.870018
21 112.106895
21 174.576849
21 240.553171
21 298.429043
21 374.928920
21 429.749266
21 500.858336
21 546.620594
21 620.681944
21 688.276358
21 736.916926
21 824.471675
21 864.706542
21 945.593129
21 1002.355630
21 1032.640390
21 1083.999552
21 1165.165828
21 1219.270729
21 1273.205309
21 1335.212435
21 1375.502261
21 1413.436022
21 1493.621410
21 1565.880550
21 1655.699824
21 1720.359447
21 1792.765111
21 1884.917578
21 1982.889474
21 2047.718698
21 2093.358632
21 2172.739252
21 2254.819741
21 2335.863865
21 2412.497815
21 2433.986975
21 2484.932412
21 2545.655173
21 2630.640142
21 2734.215116
21 2784.641015
21 2865.169425
21 2872.000359
21 2924.174832
21 3003.741880
21 3078.828105
21 3150.262816
21 3196.278294
21 3292.138214
21 3360.394322
21 3433.740284
21 3512.775947
21 3542.767525
21 3628.595237
21 3686.241895
21 3747.202215
21 3839.868404
21 3912.382452
21 3994.543751
21 4053.921153
21 4140.271410
21 4192.304748
21 4233.808766
21 4307.114241
21 4375.242967
21 4423.268344
21 4474.445224
21 4558.554558
21 4632.466356
21 4674.226592
21 4737.304363
21 4769.315021
21 4846.639969
21 4928.140958
21 4950.657551
21 4996.283613
21 5063.047928
21 5139.497053
21 5248.850615
21 5340.338369
21 5385.943207
21 5451.731400
21 5522.742634
21 5585.298866
21 5665.847526
21 5712.718135
21 5799.133891
21 5837.819196
21 5894.819574
21 5985.985423
22 53.437165
22 97.296456
22 161.668254
22 241.149045
22 281.157259
22 343.526860
22 430.572338
22 493.608990
22 548.882429
22 594.626969
22 628.579792
22 682.524134
22 732.657289
22 788.707575
22 830.639623
22 865.322872
22 926.123409
22 1006.872995
22 1082.200169
22 1138.591793
22 1201.250821
22 1258.237112
22 1336.937707
22 1415.789517
22 1496.070318
22 1624.400120
22 1686.338290
22 1772.112460
22 1878.383900
22 1965.299170
22 2009.274040
22 2059.532069
22 2145.711449
22 2227.964530
22 2262.170756
22 2276.809927
22 2331.872171
22 2434.481213
22 2469.668566
22 2511.636772
22 2580.830822
22 2609.393311
22 2674.844529
22 2738.980545
22 2783.088357
22 2821.451783
22 2888.544419
22 2970.271681
22 3000.627344
22 3073.382600
22 3117.709846
22 3204.963620
22 3250.266817
22 3314.078587
22 3386.697407
22 3476.367421
22 3505.110138
22 3557.196482
22 3600.939491
22 3689.251845
22 3781.307650
22 3838.812621
22 3901.974019
22 3982.796094
22 4057.680175
22 4134.276039
22 4214.009359
22 4266.292881
22 4336.347821
22 4374.186660
22 4421.144378
22 4467.404094
22 4556.743474
22 4626.187706
22 4672.497917
22 4729.274596
22 4812.786968
22 4874.903602
22 4893.635213
22 4981.166716
22 5013.273304
22 5083.362081
22 5134.090801
22 5197.578523
22 5271.682146
22 5325.999625
22 5415.795018
22 5450.881069
22 5544.216818
22 5649.145335
22 5698.128086
22 5756.959178
22 5840.389145
22 5874.965018
22 5920.186179
23 49.487603
23 67.602330
23 113.676342
23 221.620878
23 283.686811
23 377.438519
23 428.860792
23 469.809865
23 523.885804
23 613.636134
23 666.712456
23 733.099031
23 775.775767
23 845.183599
23 897.345966
23 978.891388
23 1023.819952
23 1108.675226
23 1170.139917
23 1232.071917
23 1262.398531
23 1346.186479
23 1426.669441
23 1496.848427
23 1568.329382
23 1632.551524
23 1690.585554
23 1760.625563
23 1834.257838
23 1856.656925
23 1921.773283
23 2006.347625
23 2042.192469
23 2084.113995
23 2158.144689
23 2224.142998
23 2279.078385
23 2338.993042
23 2408.353385
23 2492.144866
23 2542.696044
23 2597.926567
23 2695.540603
23 2755.587387
23 2817.973528
23 2892.184471
23 2947.985699
23 3002.330673
23 3057.315100
23 3097.697267
23 3180.567509
23 3247.138404
23 3312.019922
23 3379.677445
23 3441.041836
23 3540.772124
23 3574.070879
23 3638.310962
23 3710.741766
23 3760.199579
23 3841.648638
23 3905.188911
23 3973.810681
23 4029.995497
23 4080.269533
23 4144.931078
23 4219.056268
23 4326.875564
23 4373.993046
23 4408.013415
23 4444.692728
23 4498.150521
23 4567.959443
23 4627.003723
23 4682.479157
23 4763.936022
23 4872.566167
23 4919.102127
23 5044.581184
23 5079.050826
23 5159.521795
23 5262.821895
23 5319.738920
23 5393.455245
23 5425.626443
23 5535.065201
23 5607.127383
23 5692.701474
23 5766.273510
23 5823.384869
23 5865.183631
23 5907.525876
23 5974.699084
24 49.717126
24 106.013403
24 161.799718
24 210.611445
24 307.900960
24 383.858519
24 406.619141
24 451.401831
24 549.168784
24 594.537302
24 667.799834
24 686.220861
24 760.611800
24 806.856569
24 899.676201
24 948.683959
24 957.899104
24 1028.925210
24 1103.837774
24 1136.275148
24 1252.410556
24 1379.351785
24 1452.490149
24 1482.728865
24 1548.546815
24 1624.551514
24 1706.566389
24 1777.869501
24 1883.386784
24 1940.628230
24 2038.405860
24 2099.320490
24 2173.933903
24 2236.473886
24 2281.895953
24 2341.159711
24 2427.696765
24 2490.870216
24 2545.592376
24 2615.404098
24 2673.308303
24 2744.226463
24 2837.421706
24 2887.047560
24 2930.301921
24 2984.702182
24 3073.231197
24 3128.515717
24 3195.134692
24 3238.862873
24 3314.974316
24 3391.563802
24 3476.435060
24 3506.171925
24 3539.453749
24 3636.984298
24 3673.018172
24 3744.404093
24 3821.619712
24 3891.184624
24 3976.890500
24 4013.036086
24 4066.929472
24 4128.468721
24 4198.062706
24 4271.950098
24 4339.819386
24 4433.574177
24 4507.362768
24 4579.375166
24 4632.005137
24 4687.475883
24 4751.502095
24 4816.012560
24 4927.171596
24 4968.496698
24 5046.293268
24 5100.771463
24 5149.655697
24 5197.736185
24 5318.105585
24 5381.147494
24 5452.020054
24 5512.737558
24 5628.438457
24 5692.732160
24 5739.369474
24 5825.584423
24 5863.468270
24 5927.001318
24 5976.101027
25 79.761245
25 110.096555
25 156.324757
25 205.792854
25 267.624696
25 340.571443
25 401.788001
25 484.596854
25 524.823798
25 624.636626
25 707.340932
25 798.731742
25 845.188088
25 898.317558
25 977.367843
25 1050.524441
25 1138.298023
25 1171.776546
25 1231.528947
25 1309.295999
25 1378.448045
25 1451.720871
25 1530.871363
25 1577.879091
25 1672.007631
25 1755.066109
25 1816.461869
25 1867.614909
25 1943.076334
25 2006.479319
25 2099.487945
25 2182.931116
25 2254.535506
25 2365.472536
25 2431.116609
25 2514.500887
25 2582.707025
25 2641.527452
25 2713.856402
25 2788.727758
25 2861.675528
25 2899.561281
25 2972.991745
25 3045.590981
25 3099.571622
25 3177.131007
25 3219.969279
25 3302.243382
25 3333.796255
25 3417.894727
25 3504.895722
25 3570.368644
25 3627.870856
25 3672.258190
25 3742.215529
25 3821.476633
25 3924.052054
25 3968.392112
25 4042.447162
25 4088.480200
25 4152.089438
25 4199.018798
25 4230.528293
25 4312.638684
25 4363.235378
25 4433.440181
25 4509.478727
25 4582.978635
25 4621.540990
25 4706.088529
25 4805.810589
25 4861.612505
25 4928.980221
25 4995.893960
25 5052.318803
25 5127.741427
25 5190.550216
25 5257.852457
25 5320.546068
25 5372.598921
25 5421.352221
25 5500.198418
25 5570.494525
25 5623.940984
25 5709.400489
25 5781.516146
25 5850.245823
25 5895.515774
25 5996.699661
26 81.687391
26 172.863739
26 255.639811
26 324.599868
26 424.657762
26 499.660870
26 521.122458
26 549.178145
26 644.240694
26 687.977948
26 773.679186
26 847.334796
26 916.945961
26 944.017769
26 993.933754
26 1076.136413
26 1102.771488
26 1169.907821
26 1243.469542
26 1328.667640
26 1371.577224
26 1451.209844
26 1497.452823
26 1551.645185
26 1621.333882
26 1678.761444
26 1757.326566
26 1856.549563
26 1922.382134
26 1966.534288
26 2038.557131
26 2078.498817
26 2148.272250
26 2172.675375
26 2240.606110
26 2359.485363
26 2447.618876
26 2539.456866
26 2584.180422
26 2610.754327
26 2682.334041
26 2754.427925
26 2838.069235
26 2855.842867
26 2903.458369
26 2939.000348
26 2984.187474
26 3036.685048
26 3100.481938
26 3161.755030
26 3222.366596
26 3291.021620
26 3330.899383
26 3382.130940
26 3466.262469
26 3534.953672
26 3615.777747
26 3691.048890
26 3760.988551
26 3803.120859
26 3910.155510
26 3960.799227
26 4035.260998
26 4085.551616
26 4129.912344
26 4153.644499
26 4197.311074
26 4269.360559
26 4288.761981
26 4338.785601
26 4406.388477
26 4509.698746
26 4536.056359
26 4625.138001
26 4702.819852
26 4766.007328
26 4868.248669
26 4926.536648
26 4993.740119
26 5066.326421
26 5154.129368
26 5209.854597
26 5265.079137
26 5354.338163
26 5409.065709
26 5500.963241
26 5553.208784
26 5596.087118
26 5666.855154
26 5730.682071
26 5804.810800
26 5847.501781
26 5878.481378
26 5956.936093
27 40.242747
27 85.565251
27 154.266717
27 233.113032
27 255.889937
27 330.803555
27 402.685679
27 469.802049
27 548.231158
27 592.294765
27 681.787991
27 750.648824
27 844.081078
27 915.897215
27 974.876877
27 1033.284373
27 1080.765717
27 1130.948271
27 1211.409708
27 1288.302317
27 1380.151388
27 1449.950349
27 1527.833329
27 1596.403172
27 1668.042273
27 1677.308557
27 1754.699044
27 1852.556374
27 1938.544989
27 2012.471652
27 2049.295760
27 2172.542867
27 2227.735353
27 2295.330565
27 2371.521865
27 2445.232916
27 2519.472214
27 2587.374273
27 2631.614303
27 2714.531501
27 2770.470871
27 2861.154751
27 2885.457800
27 2963.141163
27 2976.246447
27 3026.829186
27 3077.070384
27 3130.206687
27 3196.981934
27 3260.956346
27 3339.496637
27 3394.968639
27 3448.652318
27 3509.570079
27 3559.485301
27 3638.920965
27 3682.934802
27 3740.802715
27 3760.849471
27 3819.578745
27 3866.604468
27 3906.347316
27 4019.197580
27 4062.881937
27 4123.021840
27 4180.216039
27 4288.778421
27 4346.331290
27 4419.263019
27 4476.978080
27 4559.312015
27 4624.486296
27 4701.835999
27 4766.452099
27 4853.443589
27 4927.000031
27 4947.967902
27 5018.040939
27 5095.187125
27 5178.700621
27 5254.340079
27 5318.021268
27 5379.093836
27 5480.013875
27 5542.177212
27 5594.041673
27 5640.232891
27 5713.611972
27 5796.863778
27 5849.481365
27 5902.721854
27 5954.494734
28 68.736263
28 169.663135
28 256.254415
28 327.488394
28 429.536884
28 502.874567
28 562.451920
28 637.182891
28 694.999702
28 763.552490
28 839.811849
28 900.696582
28 999.565000
28 1108.084570
28 1169.528918
28 1244.770323
28 1294.339450
28 1393.543985
28 1470.253945
28 1516.491401
28 1548.267801
28 1626.509731
28 1701.231911
28 1753.848583
28 1836.700635
28 1900.567686
28 1983.918773
28 2060.317107
28 2143.593418
28 2173.532545
28 2254.483257
28 2333.645813
28 2388.612726
28 2431.342845
28 2514.262734
28 2583.303793
28 2630.492429
28 2695.210993
28 2794.613814
28 2861.812529
28 2913.741265
28 2984.278396
28 3008.364659
28 3099.064570
28 3161.378947
28 3247.339327
28 3315.990610
28 3387.865096
28 3496.524981
28 3549.579465
28 3616.685751
28 3673.363527
28 3761.729599
28 3801.344306
28 3904.538532
28 3997.066882
28 4063.579651
28 4100.705043
28 4197.014420
28 4230.482733
28 4296.238168
28 4349.187721
28 4421.797999
28 4499.700559
28 4556.060052
28 4613.602781
28 4700.010549
28 4750.765145
28 4796.685056
28 4849.418918
28 4906.531493
28 4969.839581
28 5048.880642
28 5137.774673
28 5202.925176
28 5243.626302
28 5296.082936
28 5350.784265
28 5391.352563
28 5436.085649
28 5477.782031
28 5563.353592
28 5664.720177
28 5711.742198
28 5801.237137
28 5873.674155
29 69.298972
29 147.785692
29 208.980625
29 281.923007
29 368.510478
29 447.236314
29 512.736452
29 564.538887
29 626.068010
29 682.997270
29 754.168499
29 812.532454
29 864.547338
29 917.279517
29 1009.649650
29 1081.537911
29 1137.276323
29 1202.456907
29 1258.843980
29 1396.445654
29 1478.459638
29 1525.875488
29 1644.002455
29 1702.106900
29 1779.805748
29 1836.266371
29 1900.092774
29 1963.452595
29 2016.654793
29 2060.617398
29 2078.893538
29 2148.405131
29 2208.592063
29 2311.618659
29 2374.508741
29 2462.257456
29 2518.035479
29 2586.480315
29 2647.349730
29 2735.111283
29 2793.012933
29 2874.500191
29 2967.578785
29 3001.456508
29 3052.363213
29 3096.016901
29 3153.032289
29 3239.228706
29 3311.950111
29 3420.133706
29 3499.496173
29 3604.032636
29 3683.697532
29 3783.196523
29 3822.406391
29 3888.520921
29 3974.417230
29 4000.307710
29 4069.451807
29 4130.892212
29 4233.443882
29 4279.066144
29 4400.274823
29 4432.633822
29 4531.179360
29 4627.541847
29 4648.153366
29 4772.124921
29 4831.176322
29 4895.595849
29 4950.465312
29 4973.928312
29 5055.073235
29 5126.773547
29 5212.126356
29 5261.493333
29 5323.890566
29 5408.939039
29 5480.058760
29 5583.822612
29 5640.277561
29 5708.995433
29 5793.506962
29 5863.480120
29 5967.206271
29 6003.845141
30 54.030271
30 129.109081
30 222.966168
30 305.526487
30 355.266296
30 428.957427
30 519.853321
30 561.763177
30 612.416875
30 691.901420
30 707.072301
30 794.980850
30 850.296244
30 897.182107
30 966.123559
30 1029.006065
30 1097.852023
30 1169.541907
30 1221.178339
30 1304.038397
30 1408.628474
30 1509.553003
30 1566.620668
30 1612.187611
30 1672.910063
30 1736.625868
30 1855.627253
30 1922.262524
30 2006.238495
30 2072.416518
30 2139.030876
30 2190.579837
30 2230.049758
30 2335.311385
30 2389.869962
30 2529.754154
30 2615.375698
30 2659.409288
30 2744.189980
30 2813.765208
30 2915.771153
30 2971.165760
30 3061.878239
30 3074.740151
30 3153.523308
30 3217.361842
30 3260.794970
30 3332.196892
30 3399.449275
30 3467.193125
30 3545.143476
30 3599.736474
30 3690.635289
30 3760.317806
30 3784.066528
30 3885.693481
30 3973.216353
30 4063.424385
30 4169.277096
30 4268.139628
30 4345.924686
30 4391.968445
30 4444.902785
30 4509.504655
30 4581.464528
30 4611.447910
30 4706.125171
30 4752.750389
30 4769.000900
30 4833.621067
30 4898.689354
30 4951.011835
30 5062.973675
30 5123.706061
30 5193.859449
30 5255.267385
30 5318.169965
30 5393.058149
30 5452.644301
30 5500.736978
30 5590.758020
30 5695.553882
30 5741.418403
30 5821.247214
30 5872.510337
30 5954.800322
31 41.977796
31 86.977975
31 155.590584
31 224.637352
31 293.429557
31 342.970259
31 421.442531
31 485.594242
31 564.211054
31 636.866794
31 707.039807
31 742.274038
31 798.788810
31 865.036518
31 921.794897
31 1018.650091
31 1099.629722
31 1165.632111
31 1236.413980
31 1325.474284
31 1383.403721
31 1451.128612
31 1476.783397
31 1550.268229
31 1623.063313
31 1663.326977
31 1756.750294
31 1834.703306
31 1947.337921
31 2003.632519
31 2087.347322
31 2173.600915
31 2249.705726
31 2335.501296
31 2374.292232
31 2431.734433
31 2473.371202
31 2545.607146
31 2613.635855
31 2680.951813
31 2771.435405
31 2870.248012
31 2949.497460
31 3075.033971
31 3145.718890
31 3193.691706
31 3282.060359
31 3362.180302
31 3431.923863
31 3476.756330
31 3542.596446
31 3616.359973
31 3716.446917
31 3743.909014
31 3833.998853
31 3887.870111
31 3982.692149
31 4085.869611
31 4168.920113
31 4197.441758
31 4310.059090
31 4430.548450
31 4467.603863
31 4588.252096
31 4651.462796
31 4731.722509
31 4817.037195
31 4838.222434
31 4925.603220
31 4995.488306
31 5090.960375
31 5169.513070
31 5230.674425
31 5278.620387
31 5326.374636
31 5383.287200
31 5451.017408
31 5516.679686
31 5609.552120
31 5650.682531
31 5693.920552
31 5734.052825
31 5844.290354
31 5895.563321
31 5938.032944
32 37.797399
32 130.971873
32 221.837354
32 269.119898
32 303.561932
32 376.786671
32 472.043986
32 563.565111
32 630.017013
32 684.780068
32 751.700581
32 798.352356
32 881.792058
32 950.272435
32 1030.707639
32 1132.048194
32 1222.425132
32 1260.667915
32 1327.891442
32 1430.498285
32 1480.209241
32 1594.656113
32 1645.267195
32 1702.987303
32 1814.188022
32 1853.735186
32 1960.410537
32 2017.430318
32 2097.116230
32 2141.462408
32 2204.625919
32 2277.376892
32 2334.070960
32 2406.040472
32 2477.165807
32 2540.456397
32 2585.769903
32 2630.186596
32 2720.253116
32 2763.491491
32 2814.095920
32 2917.132975
32 3002.621762
32 3063.418065
32 3127.091835
32 3184.222592
32 3250.762431
32 3330.088950
32 3400.576458
32 3465.612613
32 3527.299822
32 3603.635382
32 3680.114342
32 3715.409131
32 3785.897914
32 3825.249295
32 3926.989112
32 3973.937084
32 4064.748324
32 4153.051131
32 4223.641699
32 4285.272621
32 4343.808930
32 4369.412328
32 4459.258179
32 4524.153764
32 4582.086264
32 4669.455581
32 4737.622529
32 4817.865395
32 4861.981844
32 4965.658573
32 5059.116257
32 5115.498842
32 5183.399003
32 5280.171034
32 5334.496975
32 5411.564442
32 5480.056397
32 5556.092981
32 5679.932717
32 5739.586484
32 5797.751089
32 5825.705894
32 5930.606304
33 71.074505
33 157.501554
33 219.482337
33 294.135004
33 408.035864
33 504.812401
33 567.505590
33 611.119784
33 685.422890
33 753.914597
33 794.543640
33 851.320738
33 950.313467
33 1049.104445
33 1053.245231
33 1133.182299
33 1230.088018
33 1256.994848
33 1329.053228
33 1405.720949
33 1456.216363
33 1534.476798
33 1597.023904
33 1652.603150
33 1707.678210
33 1772.898566
33 1831.555549
33 1882.442859
33 1962.847789
33 2030.292773
33 2122.750539
33 2227.462928
33 2276.487947
33 2338.852031
33 2408.351794
33 2444.651637
33 2515.299977
33 2582.519460
33 2632.637087
33 2714.206231
33 2757.044098
33 2817.286467
33 2860.448825
33 2915.373635
33 2990.132315
33 3030.579816
33 3127.317515
33 3194.972428
33 3246.341337
33 3329.141272
33 3422.515498
33 3502.591889
33 3600.218669
33 3663.296365
33 3741.322499
33 3820.560680
33 3883.096363
33 3949.163734
33 3973.224071
33 4087.986401
33 4152.125032
33 4244.356915
33 4311.332239
33 4380.705524
33 4436.803317
33 4522.092962
33 4630.384163
33 4711.598058
33 4807.029078
33 4844.560416
33 4948.088131
33 5033.846982
33 5108.145990
33 5198.727158
33 5248.509699
33 5327.777546
33 5374.238951
33 5452.058738
33 5525.923997
33 5612.106838
33 5666.628289
33 5730.891114
33 5813.324415
33 5901.343662
33 5997.303034
34 85.487117
34 188.484715
34 230.186804
34 304.190007
34 424.860816
34 474.416521
34 581.668348
34 642.756069
34 731.301046
34 844.055451
34 918.076023
34 965.081623
34 1076.400777
34 1125.520114
34 1202.919999
34 1277.409723
34 1376.959456
34 1429.292490
34 1515.036658
34 1579.681466
34 1667.155167
34 1737.304597
34 1814.703244
34 1866.148081
34 1926.101599
34 2014.818199
34 2092.452651
34 2155.640667
34 2256.515475
34 2361.439710
34 2411.454518
34 2458.491812
34 2558.623469
34 2661.618570
34 2729.077529
34 2757.758970
34 2814.960860
34 2885.803780
34 2955.786006
34 3041.048740
34 3123.711317
34 3186.786184
34 3216.318714
34 3274.782924
34 3324.726489
34 3377.062793
34 3424.619905
34 3472.257339
34 3543.575348
34 3592.179768
34 3637.229369
34 3756.990014
34 3799.599367
34 3885.996674
34 3922.743174
34 4013.293995
34 4079.241817
34 4168.918155
34 4217.910825
34 4289.481500
34 4373.579318
34 4428.829567
34 4526.100593
34 4565.264979
34 4645.585326
34 4720.764213
34 4767.214491
34 4845.654649
34 4922.751795
34 4968.811122
34 5087.143630
34 5165.226374
34 5215.724571
34 5313.407617
34 5387.841165
34 5473.217434
34 5530.953543
34 5587.785111
34 5670.571086
34 5742.248155
34 5867.479448
34 5926.184540
34 5998.886539
35 70.765784
35 158.428879
35 206.919977
35 239.623763
35 322.072478
35 370.115992
35 428.315287
35 474.462586
35 578.198027
35 622.028405
35 688.950314
35 752.082086
35 822.388208
35 900.032892
35 957.821139
35 1031.983743
35 1110.400675
35 1163.586905
35 1253.140506
35 1330.643068
35 1377.651310
35 1409.177205
35 1521.880993
35 1566.229639
35 1623.021148
35 1687.841997
35 1776.812832
35 1882.105449
35 1925.830725
35 1988.935960
35 2032.290199
35 2157.963690
35 2249.896204
35 2312.794472
35 2409.329658
35 2517.020725
35 2562.193675
35 2586.740689
35 2711.533069
35 2785.999535
35 2873.583537
35 2914.091180
35 3003.363805
35 3071.624326
35 3117.355791
35 3163.474531
35 3249.954297
35 3330.178197
35 3467.001041
35 3529.625666
35 3614.606867
35 3742.328352
35 3769.554655
35 3822.553358
35 3902.773851
35 3976.074080
35 4035.949261
35 4116.708638
35 4181.227528
35 4247.747072
35 4314.439548
35 4393.677078
35 4431.270737
35 4553.362189
35 4635.221165
35 4657.021159
35 4715.422394
35 4769.022019
35 4815.899545
35 4895.132320
35 4968.461849
35 5080.442552
35 5156.235658
35 5246.426726
35 5323.361726
35 5385.487584
35 5523.005659
35 5611.343663
35 5697.775947
35 5732.590837
35 5856.094061
35 5955.662433
35 5972.810267
36 43.074431
36 136.904362
36 207.401827
36 284.267448
36 408.110487
36 455.190297
36 523.602729
36 622.368817
36 708.919980
36 807.151055
36 865.757185
36 947.387276
36 1034.166346
36 1076.078709
36 1146.800699
36 1220.948655
36 1289.020829
36 1375.084914
36 1482.395874
36 1547.601203
36 1650.924735
36 1704.971380
36 1790.332187
36 1884.341405
36 1942.059076
36 1995.861700
36 2056.117987
36 2122.492131
36 2227.727999
36 2277.953613
36 2372.260591
36 2397.998574
36 2450.216578
36 2508.668396
36 2614.007694
36 2736.854082
36 2781.591111
36 2895.394304
36 2989.907318
36 3109.738094
36 3191.410863
36 3255.886080
36 3324.125809
36 3409.688037
36 3490.327293
36 3573.117155
36 3689.361919
36 3743.374985
36 3844.657985
36 3915.832439
36 4007.002120
36 4075.952556
36 4152.423768
36 4234.163857
36 4335.773377
36 4427.535786
36 4521.605051
36 4622.144976
36 4690.890993
36 4738.476286
36 4812.655589
36 4848.564009
36 4924.061593
36 4969.183035
36 5035.113759
36 5118.160207
36 5169.993943
36 5242.975988
36 5286.256819
36 5384.888353
36 5477.487343
36 5561.773436
36 5608.729381
36 5693.363882
36 5712.718800
36 5782.589782
36 5894.987538
36 5953.416656
36 5995.314580
37 80.675740
37 134.755203
37 154.686055
37 194.932184
37 255.106382
37 314.781550
37 386.368002
37 482.906100
37 572.913489
37 651.712318
37 714.761581
37 750.313744
37 847.696817
37 898.315830
37 994.365583
37 1083.595256
37 1134.211251
37 1202.302625
37 1267.925784
37 1347.908407
37 1378.026806
37 1508.133274
37 1621.338162
37 1738.294887
37 1833.538704
37 1919.823971
37 1990.953035
37 2061.322777
37 2123.402910
37 2207.878060
37 2276.819422
37 2340.764887
37 2382.312849
37 2445.423415
37 2552.569371
37 2614.986232
37 2683.824274
37 2730.677207
37 2801.001867
37 2877.866204
37 2979.832756
37 3001.972342
37 3073.719233
37 3130.736614
37 3221.371122
37 3304.456259
37 3408.538919
37 3424.402558
37 3510.307900
37 3575.311855
37 3656.805489
37 3744.492760
37 3802.966244
37 3866.089190
37 3927.973908
37 3996.423132
37 4069.375831
37 4159.645899
37 4198.006195
37 4266.454412
37 4372.800735
37 4507.023504
37 4582.096954
37 4603.894322
37 4682.421080
37 4772.143514
37 4820.658810
37 4895.874614
37 4968.880563
37 5021.143390
37 5032.469587
37 5102.049093
37 5185.579958
37 5229.429545
37 5279.978714
37 5383.211320
37 5436.435991
37 5475.093544
37 5543.562167
37 5626.877282
37 5681.000059
37 5777.594518
37 5886.922865
37 5927.743952
37 5994.351066
38 52.462112
38 139.807500
38 234.435850
38 298.156315
38 386.671980
38 425.421076
38 525.743153
38 580.967838
38 618.688375
38 666.731911
38 732.330840
38 793.234594
38 863.681551
38 954.188679
38 1051.268176
38 1123.866469
38 1184.740392
38 1234.704111
38 1313.839500
38 1379.574519
38 1423.001891
38 1520.633328
38 1591.281382
38 1679.534390
38 1760.006545
38 1811.911428
38 1868.045815
38 1944.949403
38 1962.224360
38 2061.131062
38 2096.662171
38 2156.284144
38 2261.903195
38 2338.620943
38 2405.376917
38 2448.880383
38 2544.693466
38 2630.036171
38 2700.617414
38 2773.934306
38 2782.262446
38 2854.419484
38 2945.490701
38 3028.177383
38 3095.752055
38 3167.980482
38 3277.572918
38 3326.781564
38 3361.269039
38 3432.261315
38 3503.941708
38 3641.874722
38 3715.547185
38 3763.857853
38 3874.057994
38 3950.881568
38 3999.402246
38 4087.699158
38 4154.490961
38 4213.325854
38 4278.895568
38 4372.991948
38 4429.549865
38 4498.989736
38 4584.224935
38 4659.303824
38 4774.445716
38 4864.654138
38 4922.078055
38 5016.948300
38 5072.032793
38 5191.255722
38 5279.696818
38 5345.187803
38 5432.491003
38 5537.354129
38 5562.251329
38 5679.172421
38 5757.956211
38 5803.754977
38 5926.706270
38 5998.586904
39 99.470602
39 148.291808
39 253.524197
39 305.336075
39 387.821157
39 427.868569
39 551.715772
39 561.258365
39 648.016215
39 701.008670
39 755.714043
39 845.266622
39 932.549457
39 996.630176
39 1079.907551
39 1136.580692
39 1202.010540
39 1309.101678
39 1401.017390
39 1473.045270
39 1526.805916
39 1573.288162
39 1653.899354
39 1740.818878
39 1816.792060
39 1891.761062
39 1967.867617
39 2015.758863
39 2086.709129
39 2156.432020
39 2179.348128
39 2215.197904
39 2318.979510
39 2445.871636
39 2512.306028
39 2566.183724
39 2682.605617
39 2758.698064
39 2837.213792
39 2890.890346
39 2946.148440
39 3044.408657
39 3103.971303
39 3172.340497
39 3242.506698
39 3329.846467
39 3419.365123
39 3508.527917
39 3556.972489
39 3644.509075
39 3744.999099
39 3841.670973
39 3896.092114
39 3975.627456
39 4069.184020
39 4156.283721
39 4232.406891
39 4304.358710
39 4433.327015
39 4508.598339
39 4597.274853
39 4648.991745
39 4771.290198
39 4820.566796
39 4934.971005
39 5051.107087
39 5108.692753
39 5149.089731
39 5202.645360
39 5268.044263
39 5378.184159
39 5502.319827
39 5558.037571
39 5629.746601
39 5758.062508
39 5875.143217
39 5955.721282
40 82.342923
40 186.204479
40 256.210657
40 340.220841
40 406.935410
40 478.615623
40 540.596947
40 590.758453
40 641.838898
40 702.847521
40 776.160800
40 846.008686
40 899.905953
40 987.001173
40 1080.357447
40 1168.420897
40 1244.356955
40 1310.698493
40 1414.845966
40 1449.338475
40 1506.443919
40 1599.226141
40 1639.938161
40 1708.934624
40 1792.210492
40 1890.957052
40 1938.125822
40 2011.884299
40 2099.072688
40 2216.219695
40 2330.855282
40 2433.647532
40 2543.952796
40 2644.371944
40 2725.265371
40 2798.586983
40 2893.881752
40 2986.130465
40 3070.758874
40 3159.707676
40 3257.444629
40 3351.568265
40 3454.066498
40 3552.068376
40 3616.982593
40 3764.088853
40 3884.793240
40 3965.990963
40 4008.372489
40 4060.516274
40 4153.622469
40 4236.475800
40 4347.760345
40 4434.730196
40 4522.691563
40 4568.757521
40 4650.528187
40 4735.423493
40 4793.055032
40 4874.665773
40 4997.960625
40 5058.960792
40 5122.169748
40 5184.305029
40 5281.413788
40 5391.392996
40 5450.146990
40 5561.790243
40 5648.447567
40 5733.308954
40 5826.956124
40 5916.703647
40 6000.187458
41 75.022830
41 167.697807
41 238.913928
41 296.886162
41 387.538978
41 471.070360
41 499.703168
41 599.861355
41 667.522052
41 764.654216
41 877.761559
41 946.021671
41 1029.535231
41 1133.206602
41 1201.291675
41 1274.288032
41 1343.293348
41 1401.239715
41 1487.178781
41 1568.197299
41 1610.205411
41 1652.351067
41 1736.272914
41 1797.095164
41 1855.081665
41 1919.045661
41 2059.131321
41 2127.359734
41 2225.786665
41 2333.909483
41 2469.876716
41 2563.116258
41 2632.728030
41 2712.151778
41 2794.912032
41 2877.905974
41 2953.787326
41 3038.718043
41 3075.733006
41 3097.198399
41 3146.113030
41 3236.390325
41 3292.759632
41 3359.278531
41 3414.210556
41 3465.375276
41 3546.227988
41 3598.893105
41 3638.059410
41 3715.559135
41 3795.042418
41 3881.376010
41 3969.546262
41 4064.839510
41 4142.907900
41 4237.130428
41 4310.233689
41 4371.247700
41 4461.999247
41 4523.468953
41 4591.745121
41 4648.855050
41 4766.828493
41 4829.131397
41 4845.369505
41 4949.393035
41 5022.249848
41 5061.021969
41 5140.844515
41 5153.550323
41 5201.198181
41 5255.422506
41 5348.193759
41 5379.778149
41 5453.295604
41 5498.885490
41 5570.577529
41 5611.224305
41 5670.339852
41 5797.845188
41 5841.567453
41 5905.988976
41 5986.324993
42 105.554723
42 154.516850
42 241.293592
42 375.271104
42 452.008449
42 524.404310
42 548.317093
42 642.721034
42 709.215932
42 752.860814
42 823.261831
42 898.514587
42 975.803238
42 1015.220418
42 1107.653600
42 1129.544770
42 1249.064639
42 1289.944027
42 1333.479753
42 1390.414254
42 1465.744483
42 1516.639091
42 1651.605371
42 1690.028808
42 1754.449795
42 1833.857291
42 1901.074316
42 2006.554430
42 2130.277271
42 2189.777719
42 2261.347109
42 2333.996546
42 2402.671767
42 2443.845566
42 2543.235295
42 2612.335255
42 2712.822170
42 2769.416391
42 2848.260650
42 2987.484096
42 3075.495252
42 3161.917623
42 3193.363761
42 3274.736727
42 3334.726979
42 3413.053040
42 3507.882030
42 3593.915244
42 3707.813870
42 3776.574881
42 3838.483906
42 3930.729614
42 3972.424333
42 4048.489600
42 4098.594104
42 4195.658106
42 4247.884605
42 4308.535399
42 4365.602701
42 4400.647230
42 4475.670984
42 4576.120772
42 4682.497745
42 4819.310814
42 4880.821310
42 4998.834907
42 5122.965377
42 5155.338722
42 5198.294629
42 5268.800988
42 5351.288992
42 5438.374912
42 5502.187501
42 5604.996023
42 5665.929724
42 5729.503956
42 5824.854488
42 5881.243083
42 5971.938547
43 67.503788
43 171.363359
43 253.571744
43 350.571506
43 471.025161
43 516.628983
43 564.608966
43 645.615203
43 754.851902
43 798.096518
43 845.562211
43 918.107230
43 1051.340531
43 1161.986238
43 1328.582094
43 1382.569778
43 1495.055713
43 1571.402853
43 1635.993040
43 1676.652897
43 1801.308302
43 1883.648266
43 1940.484719
43 2013.339469
43 2096.136605
43 2148.970692
43 2300.987785
43 2368.999486
43 2485.899195
43 2612.476174
43 2711.777438
43 2760.124448
43 2877.825186
43 2985.608713
43 3071.665439
43 3177.272714
43 3227.251272
43 3295.662305
43 3422.465603
43 3543.168119
43 3639.863591
43 3743.301207
43 3800.262550
43 3896.809777
43 3948.298986
43 4058.055626
43 4126.302131
43 4189.922127
43 4309.723876
43 4387.048374
43 4507.173619
43 4576.518785
43 4680.481582
43 4748.402792
43 4897.838972
43 4995.085694
43 5063.707751
43 5147.028109
43 5240.278159
43 5280.653365
43 5362.567443
43 5424.649621
43 5513.372798
43 5594.403117
43 5667.209237
43 5731.414584
43 5780.147575
43 5881.046549
43 5987.251371
44 69.752665
44 136.848491
44 196.024852
44 305.538861
44 401.374347
44 524.222832
44 581.057362
44 649.082420
44 764.917102
44 819.778913
44 921.310549
44 997.314917
44 1065.861650
44 1170.867885
44 1219.396279
44 1268.416300
44 1307.849644
44 1351.377781
44 1425.243063
44 1579.201581
44 1633.242273
44 1729.108867
44 1790.689923
44 1920.136256
44 1964.787435
44 2049.280228
44 2179.980901
44 2202.726214
44 2316.875855
44 2422.642301
44 2444.848399
44 2511.760923
44 2581.447543
44 2676.034761
44 2786.573801
44 2866.399138
44 2955.041359
44 3049.066141
44 3129.700511
44 3148.718643
44 3216.827826
44 3311.973930
44 3396.369810
44 3432.193210
44 3503.682092
44 3607.343221
44 3684.490444
44 3778.860661
44 3803.136977
44 3923.399167
44 4063.539074
44 4186.687667
44 4307.920073
44 4420.863076
44 4524.435205
44 4600.360434
44 4676.061002
44 4737.861822
44 4790.488797
44 4847.420860
44 4924.531042
44 4977.887920
44 4993.549559
44 5102.160166
44 5171.337874
44 5209.623234
44 5299.336109
44 5393.521689
44 5448.979988
44 5509.378146
44 5589.706090
44 5646.327367
44 5750.579465
44 5824.069212
44 5892.722560
44 5971.795201
45 87.068730
45 130.479556
45 225.135092
45 307.384828
45 381.198705
45 489.029034
45 564.434396
45 628.065586
45 733.607260
45 848.415042
45 901.118669
45 990.204450
45 1078.264619
45 1129.895802
45 1202.212402
45 1333.549428
45 1443.887872
45 1550.031195
45 1643.234208
45 1735.119350
45 1836.889731
45 1938.673300
45 2017.390833
45 2115.201300
45 2173.922754
45 2305.856522
45 2373.386602
45 2462.353628
45 2515.176002
45 2633.649398
45 2685.909174
45 2725.744779
45 2784.907642
45 2890.526109
45 2915.709220
45 3006.364276
45 3075.513698
45 3191.832488
45 3235.752062
45 3316.725842
45 3474.080391
45 3538.771179
45 3599.685554
45 3752.721575
45 3821.636017
45 3902.662882
45 3970.543165
45 4027.166051
45 4117.714045
45 4198.605694
45 4269.049765
45 4346.350442
45 4429.792262
45 4561.993002
45 4654.607696
45 4767.781535
45 4845.116600
45 4968.094633
45 5048.212088
45 5198.713977
45 5263.126631
45 5319.946043
45 5432.649729
45 5509.369025
45 5612.051626
45 5731.444797
45 5855.403822
45 5927.579589
46 65.185039
46 169.149864
46 225.218080
46 335.092982
46 377.368532
46 529.082186
46 666.144061
46 709.256704
46 794.785255
46 948.865869
46 1018.856243
46 1081.281652
46 1173.755211
46 1203.165319
46 1292.153822
46 1345.541408
46 1425.934586
46 1580.934334
46 1653.805026
46 1738.927607
46 1783.752761
46 1831.706623
46 1920.154448
46 2025.184769
46 2148.617223
46 2202.750897
46 2277.874475
46 2334.107746
46 2447.316202
46 2533.498215
46 2630.231400
46 2707.697327
46 2798.361595
46 2917.722314
46 3003.303845
46 3114.719989
46 3153.725246
46 3259.408057
46 3353.352202
46 3397.896773
46 3474.825290
46 3522.971995
46 3617.914256
46 3720.520301
46 3844.606657
46 3945.252329
46 4026.697775
46 4131.939709
46 4198.201213
46 4288.159555
46 4391.203069
46 4483.213093
46 4577.759237
46 4648.127497
46 4741.901662
46 4844.106825
46 4947.210371
46 5044.261586
46 5127.064049
46 5198.217648
46 5256.110954
46 5354.666864
46 5464.876959
46 5537.720235
46 5624.755038
46 5701.625008
46 5782.805705
46 5896.189340
46 5969.264782
47 133.253410
47 282.661404
47 340.444965
47 434.243563
47 472.856844
47 539.292359
47 607.007095
47 687.195949
47 751.699515
47 875.141996
47 947.511752
47 1023.922527
47 1145.400264
47 1222.143710
47 1304.652233
47 1409.104921
47 1550.051005
47 1625.354606
47 1675.790036
47 1797.702672
47 1872.146736
47 1917.655489
47 2014.987588
47 2053.926666
47 2099.440568
47 2151.377458
47 2276.459953
47 2336.830227
47 2428.818126
47 2499.103972
47 2585.077496
47 2681.166552
47 2739.145645
47 2819.372660
47 2948.754591
47 3005.866087
47 3096.328486
47 3177.047758
47 3258.325010
47 3355.989276
47 3463.385437
47 3577.636165
47 3659.279150
47 3745.936473
47 3888.575010
47 3973.814740
47 4076.438097
47 4132.072012
47 4195.375013
47 4281.193758
47 4431.840015
47 4539.231594
47 4653.767984
47 4666.704023
47 4724.556675
47 4818.070188
47 4849.064710
47 5000.688652
47 5111.441023
47 5181.433677
47 5266.844570
47 5349.999931
47 5482.991759
47 5561.084350
47 5649.682159
47 5710.165824
47 5761.938297
47 5865.231576
47 5955.517991
48 41.322658
48 79.296106
48 157.136007
48 254.611568
48 352.835357
48 427.401827
48 515.527754
48 639.590046
48 750.806617
48 821.105486
48 899.565658
48 975.651535
48 1077.827937
48 1131.935600
48 1208.815621
48 1336.540628
48 1400.268732
48 1488.758039
48 1572.176451
48 1654.518411
48 1765.683859
48 1899.682101
48 2008.000622
48 2097.425295
48 2161.427598
48 2277.867449
48 2395.302669
48 2512.647810
48 2615.703277
48 2716.877691
48 2858.251387
48 2963.362989
48 3073.589647
48 3169.028502
48 3256.866330
48 3290.000631
48 3426.046569
48 3506.904132
48 3600.328093
48 3670.773663
48 3781.952345
48 3880.941041
48 3962.870561
48 4037.372389
48 4121.880108
48 4234.215050
48 4308.748464
48 4439.793574
48 4583.218546
48 4659.676861
48 4724.721804
48 4821.705056
48 4966.512927
48 5060.669794
48 5182.069008
48 5233.739592
48 5353.925399
48 5473.912719
48 5547.662881
48 5601.478161
48 5709.362892
48 5814.492398
48 5925.242587
49 109.683192
49 159.471660
49 239.607080
49 304.766729
49 386.618357
49 439.557013
49 565.909390
49 644.970170
49 720.212162
49 812.177369
49 899.370727
49 979.110902
49 1032.428826
49 1148.776168
49 1199.291279
49 1298.637020
49 1379.033386
49 1509.407104
49 1596.100567
49 1755.958449
49 1846.243537
49 1922.160479
49 1993.743297
49 2068.572815
49 2149.082928
49 2217.917142
49 2313.912753
49 2424.126673
49 2467.043670
49 2510.295816
49 2628.573912
49 2716.744555
49 2837.931347
49 2910.840609
49 3001.689650
49 3054.458150
49 3130.543779
49 3183.106092
49 3217.278045
49 3255.554778
49 3336.162622
49 3428.750749
49 3525.882944
49 3597.598433
49 3664.427005
49 3741.095296
49 3844.869150
49 3921.048190
49 3995.532406
49 4049.007605
49 4127.508217
49 4234.242171
49 4335.625401
49 4407.402721
49 4444.957065
49 4522.072372
49 4596.467047
49 4700.484902
49 4792.953676
49 4879.545839
49 5019.163219
49 5057.308212
49 5182.342962
49 5247.319418
49 5353.358586
49 5478.200620
49 5619.199251
49 5692.461741
49 5782.307924
49 5874.344007
49 5930.892606
50 49.195199
50 147.267804
50 257.621970
50 351.205462
50 428.047146
50 523.929327
50 665.997905
50 756.662900
50 848.874020
50 926.605896
50 1032.167708
50 1151.214621
50 1209.986820
50 1346.645950
50 1402.811832
50 1470.091955
50 1548.180099
50 1651.580472
50 1756.757618
50 1817.964305
50 1923.080011
50 1967.981257
50 2087.260147
50 2165.734901
50 2279.199545
50 2381.135213
50 2483.953841
50 2584.296474
50 2681.349544
50 2783.608427
50 2856.890496
50 2937.660999
50 3006.432449
50 3056.789783
50 3110.017296
50 3157.378736
50 3259.814348
50 3340.118796
50 3466.582415
50 3573.418291
50 3665.141892
50 3745.110043
50 3891.450983
50 3974.656773
50 4066.551882
50 4180.424426
50 4277.000752
50 4372.805263
50 4461.369132
50 4556.152545
50 4626.644126
50 4744.083681
50 4826.644925
50 4903.975273
50 4980.421018
50 5014.565824
50 5152.292922
50 5248.404975
50 5358.689090
50 5441.370134
50 5504.980765
50 5616.387812
50 5705.960330
50 5805.176931
50 5925.851547
50 5994.821229
51 72.285554
51 117.849069
51 173.446560
51 213.857834
51 317.704703
51 377.904405
51 472.724936
51 628.237015
51 721.693107
51 795.433010
51 847.951422
51 948.201008
51 1079.876389
51 1202.608933
51 1306.123488
51 1376.977348
51 1483.130422
51 1566.269761
51 1629.215846
51 1717.139139
51 1754.835542
51 1800.644565
51 1883.999248
51 1968.929654
51 2097.601384
51 2148.899389
51 2279.904861
51 2353.977829
51 2462.614980
51 2582.218925
51 2690.224133
51 2805.289229
51 2915.267427
51 2985.942384
51 3077.752748
51 3182.430458
51 3247.869168
51 3359.274091
51 3420.108236
51 3529.316639
51 3639.986823
51 3689.662128
51 3796.461424
51 3884.548005
51 3999.692330
51 4135.029311
51 4217.423421
51 4311.078555
51 4432.443772
51 4509.293382
51 4618.996680
51 4748.723274
51 4870.965899
51 5048.292628
51 5165.154817
51 5302.483287
51 5428.616816
51 5531.460953
51 5659.099572
51 5692.517400
51 5799.207481
51 5899.464553
51 5972.733968
52 111.937955
52 191.332959
52 257.459630
52 403.483768
52 457.238251
52 548.809869
52 607.702560
52 700.904874
52 792.954156
52 924.777324
52 1015.041163
52 1109.943455
52 1168.513674
52 1281.667256
52 1332.629028
52 1408.392734
52 1522.668798
52 1593.629674
52 1654.281649
52 1780.502143
52 1920.475411
52 1940.816726
52 2028.532217
52 2117.667790
52 2220.123566
52 2299.636215
52 2426.758547
52 2541.563973
52 2646.567872
52 2755.022255
52 2862.594723
52 2986.945686
52 3073.664403
52 3176.159693
52 3275.627713
52 3341.115710
52 3447.490412
52 3546.239565
52 3662.103401
52 3689.466943
52 3801.591072
52 3885.748085
52 4017.101797
52 4122.665067
52 4215.505849
52 4298.881568
52 4396.360779
52 4439.980520
52 4579.212271
52 4620.140577
52 4774.919049
52 4922.026017
52 5013.677196
52 5080.366053
52 5181.339556
52 5281.757266
52 5374.977592
52 5478.732379
52 5571.089714
52 5664.493530
52 5781.818860
52 5855.083111
52 5906.135528
52 5981.589980
53 43.071654
53 175.011308
53 222.510719
53 353.213472
53 456.057605
53 544.686564
53 666.090900
53 786.567451
53 897.161886
53 976.654127
53 1087.298534
53 1167.631328
53 1258.200456
53 1325.285695
53 1426.945249
53 1550.993475
53 1613.944581
53 1754.226618
53 1779.070463
53 1882.340930
53 1977.463621
53 2096.323010
53 2205.116721
53 2336.182172
53 2445.846858
53 2580.699222
53 2694.130803
53 2786.927885
53 2915.025000
53 3030.131917
53 3147.657304
53 3218.094053
53 3330.402639
53 3438.149163
53 3543.076677
53 3634.128950
53 3743.582361
53 3840.064084
53 3948.401564
53 4027.630230
53 4141.488011
53 4231.823946
53 4341.933252
53 4486.330286
53 4589.046473
53 4662.922565
53 4738.800791
53 4813.215196
53 4921.926605
53 5018.830736
53 5103.723261
53 5245.815213
53 5391.704732
53 5478.786249
53 5588.314071
53 5603.382780
53 5655.363667
53 5777.938824
53 5968.962409
54 141.569670
54 240.228210
54 337.707313
54 432.334733
54 524.346311
54 610.659846
54 699.602050
54 736.245377
54 864.992018
54 984.204637
54 1102.410854
54 1152.834258
54 1182.219402
54 1256.571533
54 1378.011342
54 1486.730016
54 1569.468208
54 1679.833667
54 1815.514560
54 1833.935190
54 1975.871393
54 2084.370259
54 2192.183372
54 2299.278230
54 2395.868008
54 2512.713656
54 2604.458571
54 2713.419480
54 2794.459490
54 2862.632961
54 2973.434946
54 3056.869004
54 3158.007339
54 3217.359997
54 3294.867568
54 3464.768987
54 3576.140277
54 3714.324935
54 3800.583777
54 3925.387864
54 4064.558141
54 4233.733360
54 4337.989040
54 4393.990257
54 4460.520929
54 4507.190413
54 4583.979760
54 4766.556695
54 4846.594051
54 4968.770047
54 5081.118074
54 5174.427825
54 5316.860301
54 5436.523765
54 5501.564574
54 5603.382106
54 5693.715962
54 5776.570844
54 5866.216649
54 5998.667114
55 71.050233
55 160.456841
55 221.905706
55 329.519634
55 452.314006
55 550.116099
55 685.856310
55 726.752170
55 822.450779
55 948.213341
55 1088.132015
55 1222.494867
55 1333.200782
55 1453.156066
55 1568.648594
55 1657.292307
55 1739.412523
55 1883.146079
55 2007.108889
55 2115.066978
55 2199.744097
55 2334.149045
55 2407.829259
55 2496.128309
55 2613.629205
55 2696.113623
55 2739.700804
55 2832.410689
55 2933.353155
55 3075.751467
55 3209.903973
55 3297.884492
55 3399.173307
55 3543.712846
55 3639.368129
55 3784.423119
55 3883.952337
55 4022.960958
55 4136.183325
55 4268.229157
55 4400.217427
55 4479.890656
55 4626.676414
55 4739.000673
55 4874.942521
55 4968.245733
55 5038.377707
55 5149.529170
55 5215.221011
55 5329.617042
55 5429.414078
55 5507.574245
55 5668.570647
55 5798.807440
55 5954.859931
56 70.249359
56 153.743836
56 257.556743
56 327.037248
56 352.917299
56 427.679481
56 548.870263
56 620.538071
56 706.093845
56 794.363888
56 949.143651
56 1064.772081
56 1104.543027
56 1203.876377
56 1315.690889
56 1374.226197
56 1497.020083
56 1592.000369
56 1701.641250
56 1852.653496
56 1990.286577
56 2041.960049
56 2135.761355
56 2223.047186
56 2342.014914
56 2472.160669
56 2634.419239
56 2756.504526
56 2902.424364
56 3113.053088
56 3242.210587
56 3360.444775
56 3501.487076
56 3599.916530
56 3685.649302
56 3840.941442
56 3904.562407
56 3997.779849
56 4096.807803
56 4214.532614
56 4308.531067
56 4436.486573
56 4539.421145
56 4627.411761
56 4735.801541
56 4878.632879
56 4949.736544
56 5061.403142
56 5195.202377
56 5280.957996
56 5387.267227
56 5548.238568
56 5614.544961
56 5712.466327
56 5852.372204
56 5996.710126
57 99.468914
57 204.801037
57 300.083587
57 402.893004
57 546.557969
57 648.217685
57 707.245354
57 733.354088
57 880.116449
57 944.740766
57 1029.994996
57 1107.253768
57 1220.460763
57 1348.662677
57 1455.159294
57 1540.650637
57 1708.029218
57 1778.917233
57 1908.627152
57 1993.052014
57 2089.354968
57 2186.981341
57 2315.534933
57 2431.295669
57 2577.371537
57 2701.079048
57 2773.792240
57 2916.377945
57 3063.348103
57 3200.269763
57 3257.771989
57 3345.629570
57 3475.850515
57 3542.781444
57 3715.909148
57 3866.285071
57 3995.985672
57 4118.056740
57 4262.327012
57 4358.575105
57 4462.577032
57 4584.754720
57 4687.060493
57 4760.720218
57 4872.499229
57 4947.585125
57 5063.431684
57 5133.179632
57 5267.568366
57 5352.639270
57 5452.586348
57 5595.871634
57 5697.304122
57 5781.453439
57 5971.475448
58 132.804742
58 281.163251
58 337.753442
58 507.990205
58 627.248747
58 726.332660
58 822.896690
58 919.047702
58 964.882926
58 1110.669405
58 1224.099500
58 1330.696177
58 1476.376298
58 1578.711556
58 1671.205150
58 1778.799211
58 1851.223211
58 1962.247801
58 2048.046707
58 2189.096353
58 2303.102328
58 2444.571146
58 2581.685445
58 2649.408161
58 2784.035095
58 2931.627249
58 3097.376124
58 3155.668907
58 3265.120568
58 3360.762950
58 3482.525364
58 3567.060929
58 3712.567296
58 3838.542701
58 3954.796984
58 4128.875345
58 4249.953777
58 4342.573292
58 4518.515750
58 4688.777607
58 4820.346037
58 4958.432947
58 5121.691593
58 5229.695244
58 5320.192056
58 5478.506941
58 5545.591342
58 5665.173224
58 5808.290554
58 5987.100352
59 115.331405
59 184.089090
59 332.848007
59 374.933373
59 504.480429
59 575.246451
59 717.966211
59 823.282051
59 947.593779
59 1080.532065
59 1169.278887
59 1287.591315
59 1350.404046
59 1508.926534
59 1611.764754
59 1678.421072
59 1811.342721
59 1920.611288
59 2049.058162
59 2120.478444
59 2172.126543
59 2341.621755
59 2430.613161
59 2497.715297
59 2613.069399
59 2758.385999
59 2858.593679
59 2956.445110
59 3128.936733
59 3256.260475
59 3361.235450
59 3529.225789
59 3716.767655
59 3844.424839
59 3963.377613
59 4086.827112
59 4210.789329
59 4336.367087
59 4437.341064
59 4507.990716
59 4649.626655
59 4770.135708
59 4859.955452
59 4897.236747
59 5080.562914
59 5201.265518
59 5408.614021
59 5562.415309
59 5665.153196
59 5717.971122
59 5779.425715
59 5824.846216
59 5970.861973
60 137.134479
60 265.400054
60 386.684259
60 553.008334
60 710.687915
60 870.829314
60 949.495216
60 1032.968942
60 1203.017457
60 1351.847452
60 1506.431569
60 1628.647603
60 1738.106899
60 1855.849301
60 1991.497247
60 2094.756850
60 2184.652351
60 2260.056543
60 2301.113919
60 2428.386891
60 2512.054100
60 2616.806708
60 2697.398034
60 2821.080008
60 2914.833639
60 3058.361782
60 3195.430394
60 3335.155908
60 3421.817318
60 3527.544562
60 3683.553479
60 3747.480465
60 3882.513071
60 4031.209502
60 4213.315511
60 4299.757754
60 4392.082338
60 4524.726519
60 4572.210684
60 4686.458127
60 4747.850313
60 4847.414564
60 5001.895186
60 5061.251282
60 5179.067143
60 5277.876901
60 5433.786259
60 5514.822118
60 5645.324649
60 5833.312823
60 5999.015071
61 41.563346
61 179.305742
61 335.183528
61 470.561466
61 573.665676
61 752.004406
61 844.586320
61 941.441550
61 1076.153388
61 1153.479859
61 1333.830473
61 1454.015732
61 1529.632748
61 1593.381994
61 1681.733205
61 1777.376117
61 1854.469325
61 2014.103530
61 2136.990014
61 2260.543099
61 2377.883759
61 2500.782703
61 2574.674642
61 2697.387815
61 2800.057260
61 2899.531318
61 3061.266841
61 3075.388606
61 3280.378369
61 3432.727320
61 3581.040518
61 3667.827177
61 3783.505252
61 3905.684600
61 4017.190161
61 4116.716414
61 4216.193945
61 4310.584235
61 4393.336200
61 4498.135589
61 4606.356728
61 4746.669507
61 4863.093083
61 5017.888226
61 5147.540932
61 5251.633542
61 5410.497660
61 5554.334571
61 5682.973164
61 5773.677821
61 5977.919534
62 148.609648
62 231.449932
62 353.075620
62 498.718140
62 590.787096
62 682.236739
62 880.597875
62 1021.244109
62 1167.642643
62 1291.018184
62 1419.034083
62 1612.117292
62 1702.609732
62 1814.063830
62 2007.090486
62 2129.294643
62 2255.254048
62 2352.030623
62 2486.891806
62 2640.120630
62 2787.601219
62 2896.047415
62 3048.573475
62 3216.464271
62 3256.871691
62 3447.311376
62 3607.865588
62 3747.989661
62 3823.497500
62 3947.649617
62 4092.219819
62 4235.654137
62 4402.460296
62 4507.929868
62 4605.025243
62 4777.287762
62 4907.046983
62 4993.703513
62 5063.679816
62 5246.176992
62 5296.494484
62 5387.534205
62 5512.080465
62 5616.218952
62 5729.918721
62 5840.605749
62 5963.945821
63 178.931826
63 326.435333
63 475.598138
63 635.959806
63 709.173258
63 775.036677
63 898.981897
63 1006.395439
63 1152.583155
63 1296.742238
63 1426.825069
63 1548.849233
63 1719.781134
63 1815.237372
63 1985.412734
63 2101.346427
63 2258.745119
63 2318.889653
63 2429.257503
63 2610.796748
63 2816.921693
63 2958.994667
63 3122.310865
63 3259.872440
63 3359.833075
63 3463.146605
63 3564.375581
63 3714.648443
63 3849.837810
63 4032.859007
63 4129.297469
63 4309.661415
63 4449.750164
63 4506.019545
63 4651.695072
63 4775.833151
63 4921.182873
63 5045.651931
63 5281.650597
63 5383.242673
63 5455.020366
63 5502.422324
63 5677.120072
63 5794.829878
63 5925.836618
64 173.602447
64 278.454838
64 385.741162
64 565.581312
64 683.367786
64 753.632297
64 862.999377
64 997.381647
64 1079.889306
64 1200.446750
64 1364.980855
64 1459.448883
64 1594.258815
64 1687.829001
64 1812.955913
64 1983.089950
64 2095.169712
64 2302.986817
64 2431.857256
64 2602.815096
64 2714.499991
64 2891.207321
64 3031.094283
64 3275.062714
64 3397.888774
64 3526.882994
64 3636.817264
64 3799.944611
64 3947.454061
64 4018.794780
64 4173.614667
64 4302.923790
64 4461.275843
64 4583.014717
64 4705.643758
64 4899.634886
64 5078.479824
64 5182.843396
64 5200.700235
64 5309.160746
64 5377.451890
64 5522.846054
64 5653.197904
64 5812.481305
65 134.174576
65 304.367112
65 433.516309
65 545.712808
65 762.044993
65 897.335874
65 985.449327
65 1152.242805
65 1259.826643
65 1449.203325
65 1549.672349
65 1681.998861
65 1886.054467
65 2006.538356
65 2157.285800
65 2229.221995
65 2318.181391
65 2447.085895
65 2595.087948
65 2630.748436
65 2712.249263
65 2836.218407
65 3002.810089
65 3171.939741
65 3286.455111
65 3457.040484
65 3615.352690
65 3787.449930
65 3947.207250
65 4166.979881
65 4343.003529
65 4504.151346
65 4590.298796
65 4772.324585
65 4977.793420
65 5061.232974
65 5156.100024
65 5253.679249
65 5409.324930
65 5610.332455
65 5757.052572
65 5797.117580
65 5848.838742
65 5989.878561
66 82.345572
66 203.452982
66 334.987200
66 455.428193
66 616.415041
66 635.577226
66 796.963769
66 976.085527
66 1079.331073
66 1162.853977
66 1270.532843
66 1453.369287
66 1549.394115
66 1656.541454
66 1771.473752
66 1919.510822
66 2050.046587
66 2206.401868
66 2337.344530
66 2526.739484
66 2757.132358
66 2918.368735
66 3094.327088
66 3195.161859
66 3287.872779
66 3403.106715
66 3579.848520
66 3713.765003
66 3865.976506
66 3955.982103
66 4155.259864
66 4195.287187
66 4362.519451
66 4505.116572
66 4582.014079
66 4621.861798
66 4770.273665
66 4923.903713
66 5100.053015
66 5255.076201
66 5403.221910
66 5548.176935
66 5666.175105
66 5834.768577
67 250.720034
67 480.105190
67 709.626486
67 842.600507
67 1009.519339
67 1170.361300
67 1337.266029
67 1487.203068
67 1549.174798
67 1706.724298
67 1856.114802
67 1965.278647
67 2115.023263
67 2257.500440
67 2429.138877
67 2652.593968
67 2759.066173
67 2899.304796
67 3044.070464
67 3161.601608
67 3215.182134
67 3379.254420
67 3615.092762
67 3784.786539
67 3869.566715
67 3982.220230
67 4086.981948
67 4277.184417
67 4517.682266
67 4652.945386
67 4766.917510
67 4897.858538
67 5038.936863
67 5172.335925
67 5324.048422
67 5435.199885
67 5512.642993
67 5626.996346
67 5731.054529
67 5879.538188
67 5926.170189
68 155.820040
68 304.744439
68 540.624185
68 763.458604
68 982.432676
68 1166.486955
68 1330.726266
68 1548.168407
68 1733.255594
68 1856.400760
68 2020.089835
68 2149.878417
68 2258.973458
68 2432.577673
68 2684.543272
68 2807.284156
68 2967.240535
68 3126.072800
68 3297.671747
68 3490.271524
68 3609.910044
68 3761.039416
68 3879.214632
68 3991.210054
68 4135.514458
68 4267.387471
68 4455.232602
68 4584.535238
68 4813.450477
68 5001.238393
68 5172.513136
68 5278.824146
68 5409.626926
68 5512.258506
68 5641.075877
68 5774.510586
68 5874.021105
69 222.280072
69 351.818155
69 457.799891
69 775.108388
69 883.633314
69 1055.932993
69 1230.756653
69 1381.196103
69 1635.262923
69 1782.411362
69 1894.675581
69 2064.420689
69 2323.041934
69 2582.397205
69 2681.888188
69 2771.817067
69 2916.771728
69 3075.196147
69 3385.310181
69 3520.263384
69 3792.464540
69 3997.283552
69 4024.999620
69 4214.594576
69 4395.703650
69 4557.511478
69 4745.630708
69 4866.814833
69 4994.759251
69 5199.821835
69 5449.209897
69 5685.703818
69 5764.518993
70 280.878600
70 446.146035
70 666.723424
70 899.771983
70 996.888919
70 1132.083680
70 1320.468820
70 1504.652812
70 1707.897537
70 1865.034070
70 2039.669271
70 2303.967592
70 2563.605042
70 2674.608848
70 2837.148147
70 3089.494764
70 3184.884507
70 3358.962613
70 3541.962794
70 3637.858375
70 3844.564164
70 3987.260768
70 4168.989548
70 4355.623761
70 4555.414965
70 4749.428163
70 4953.952210
70 5168.790141
70 5408.948435
70 5554.379717
70 5723.383556
70 5953.578664
71 209.188692
71 327.462304
71 550.783339
71 683.509276
71 873.555538
71 1103.913917
71 1330.634586
71 1507.061749
71 1734.760288
71 1936.955199
71 2010.910995
71 2190.230316
71 2334.670661
71 2510.441895
71 2685.572712
71 2821.782643
71 3113.557372
71 3201.682156
71 3386.566666
71 3597.484956
71 3833.536333
71 3972.652901
71 4195.295069
71 4431.011385
71 4635.257536
71 4726.103655
71 4952.224232
71 5256.796712
71 5503.749623
71 5730.404776
71 5757.684521
72 134.897360
72 402.277085
72 526.028998
72 726.941590
72 958.514552
72 1152.688252
72 1302.452746
72 1518.879547
72 1765.741572
72 2096.581764
72 2339.084042
72 2565.559677
72 2774.119493
72 2913.976607
72 3195.916723
72 3376.035522
72 3599.442156
72 3748.447950
72 3887.713824
72 4068.829872
72 4274.476841
72 4432.605589
72 4681.865113
72 4878.872025
72 5101.949889
72 5199.174212
72 5388.075166
72 5505.409592
72 5761.224405
72 5924.957556
73 152.649148
73 403.752146
73 547.844276
73 720.483331
73 971.403239
73 1147.315710
73 1425.358757
73 1675.839907
73 1921.841903
73 2227.512485
73 2448.161278
73 2559.726229
73 2861.560523
73 3140.201915
73 3370.823026
73 3550.949676
73 3739.577793
73 4046.636340
73 4284.432154
73 4477.497126
73 4724.871245
73 4949.345835
73 5061.692869
73 5280.868877
73 5434.007068
73 5667.562034
73 5953.784820
74 279.148658
74 466.646742
74 749.637723
74 929.847688
74 1132.880210
74 1291.969561
74 1624.138596
74 1812.418708
74 1988.267872
74 2191.616738
74 2402.942006
74 2607.472018
74 2792.187385
74 2917.765594
74 3048.676396
74 3224.328377
74 3504.102275
74 3886.488386
74 4090.716375
74 4280.892981
74 4583.094530
74 4741.969278
74 5047.540994
74 5255.326292
74 5498.331892
74 5682.766830
75 212.851531
75 404.298980
75 606.160266
75 749.927280
75 1048.235332
75 1201.822786
75 1547.578610
75 1857.689840
75 2225.794520
75 2482.198652
75 2799.725608
75 3128.132219
75 3429.927431
75 3620.543706
75 3785.452426
75 3946.889796
75 4233.181604
75 4494.057855
75 4706.347224
75 5084.308007
75 5320.766951
75 5577.042083
76 220.196331
76 572.395955
76 946.195003
76 1165.952202
76 1442.377534
76 1707.652620
76 1921.571158
76 2034.575024
76 2278.298886
76 2595.074328
76 2860.578317
76 3001.833027
76 3255.081715
76 3572.356258
76 3905.525636
76 4073.018121
76 4443.400132
76 4576.054430
76 4925.724781
76 5264.792049
76 5589.115331
76 5835.975382
77 301.926258
77 708.085679
77 1239.089534
77 1622.574606
77 1896.749433
77 2188.663665
77 2336.886801
77 2653.458944
77 2915.804818
77 3217.433334
77 3429.263895
77 3926.914203
77 4160.779709
77 4475.157877
77 4947.379459
77 5300.834246
77 5666.974105
