1 137.224119
1 322.152427
1 555.846437
1 678.245783
1 868.402208
1 1072.737608
1 1323.507524
1 1551.049761
1 1695.452628
1 1873.402342
1 2037.642961
1 2304.543203
1 2483.807288
1 2661.401267
1 2793.373636
1 2901.083030
1 3104.612958
1 3230.515970
1 3445.323539
1 3564.455772
1 3699.417907
1 3932.127328
1 4194.481240
1 4354.346509
1 4510.494521
1 4717.592175
1 4876.569354
1 5049.116248
1 5257.039539
1 5514.679852
1 5665.795549
1 5843.883260
2 186.832400
2 423.315701
2 696.906140
2 962.961507
2 1182.228049
2 1409.856551
2 1574.198840
2 1808.987884
2 1867.375543
2 2034.673593
2 2283.399831
2 2460.857705
2 2537.881114
2 2745.938067
2 2866.649354
2 3010.796475
2 3196.754396
2 3293.075725
2 3488.372954
2 3640.885425
2 3891.200598
2 4062.965123
2 4262.233995
2 4419.702091
2 4629.738238
2 4824.798962
2 5039.663698
2 5208.962107
2 5418.628838
2 5614.350155
2 5822.174988
2 5961.459030
3 228.545554
3 333.661822
3 543.715146
3 590.291451
3 750.842873
3 938.374177
3 1096.425977
3 1262.981495
3 1523.023322
3 1750.456529
3 1908.051406
3 2037.763745
3 2181.142200
3 2312.751640
3 2406.195639
3 2517.760532
3 2683.004410
3 2890.209231
3 3001.114319
3 3200.443985
3 3411.191986
3 3677.462916
3 3803.076798
3 4003.447262
3 4137.373088
3 4328.451591
3 4533.861340
3 4670.529227
3 4839.958203
3 5038.323578
3 5283.281909
3 5444.582076
3 5627.129068
3 5804.017889
3 5929.931765
4 154.079515
4 377.153629
4 582.525436
4 781.387633
4 927.914191
4 1075.055199
4 1246.231302
4 1412.980087
4 1628.544534
4 1724.031972
4 1854.372001
4 2049.611315
4 2285.078506
4 2404.339340
4 2513.826104
4 2700.562761
4 2857.655750
4 2978.511996
4 3092.696409
4 3292.449481
4 3466.241421
4 3691.530864
4 3851.021107
4 4078.607775
4 4210.375907
4 4281.245659
4 4471.870201
4 4646.822578
4 4719.258234
4 4846.290304
4 5092.205440
4 5274.326404
4 5512.955891
4 5605.690906
4 5794.800390
4 5893.674239
5 77.821541
5 228.608582
5 361.892929
5 498.570047
5 638.224201
5 848.417046
5 1054.958175
5 1209.228187
5 1386.915189
5 1651.077626
5 1882.058585
5 2140.696543
5 2348.455610
5 2561.811016
5 2668.169721
5 2823.443609
5 3098.854778
5 3343.294235
5 3499.849963
5 3670.681504
5 3806.065780
5 3958.282473
5 4169.412503
5 4355.974467
5 4586.190537
5 4751.211555
5 4883.594011
5 5021.446124
5 5182.620097
5 5428.960570
5 5671.163208
5 5824.560070
6 71.207613
6 246.499652
6 433.333255
6 624.885238
6 744.089049
6 867.729905
6 1093.932769
6 1282.553869
6 1525.701743
6 1649.353710
6 1776.763436
6 1944.546736
6 2067.540944
6 2268.242924
6 2458.664069
6 2664.515039
6 2841.609300
6 3006.849847
6 3258.016158
6 3272.289153
6 3419.682786
6 3595.609107
6 3874.490025
6 4026.527929
6 4279.540067
6 4392.893613
6 4619.348183
6 4749.193424
6 4934.354066
6 5038.879021
6 5277.773469
6 5492.336567
6 5603.562036
6 5820.728569
6 5927.654783
6 5988.638809
7 -0.662790
7 333.879058
7 524.294431
7 784.323436
7 907.367242
7 1112.038705
7 1279.284780
7 1524.830796
7 1811.925747
7 1963.771355
7 2123.874354
7 2203.649340
7 2402.848467
7 2494.796934
7 2770.141010
7 2968.232869
7 3049.175958
7 3110.088633
7 3236.598789
7 3369.784286
7 3493.718656
7 3731.801914
7 3854.379942
7 4025.150653
7 4296.745438
7 4501.137928
7 4700.606146
7 4952.152430
7 5113.647339
7 5373.772532
7 5591.063855
7 5785.475800
7 5951.212530
8 181.775739
8 590.063892
8 784.691940
8 890.120191
8 1112.379543
8 1248.168333
8 1482.346567
8 1624.005576
8 1779.378473
8 1932.205053
8 2037.501132
8 2337.746079
8 2559.157012
8 2768.447416
8 2961.956089
8 3229.575920
8 3435.276602
8 3633.903521
8 3827.627694
8 4014.641529
8 4210.445865
8 4380.126183
8 4513.313903
8 4674.730287
8 4908.542923
8 5143.888458
8 5324.902922
8 5514.337876
8 5672.578058
8 5792.670625
9 256.087035
9 534.240245
9 802.371326
9 940.981035
9 1144.671343
9 1299.475597
9 1482.772671
9 1649.407937
9 1830.316796
9 2088.371678
9 2303.046719
9 2502.185417
9 2620.164130
9 2741.992118
9 2897.900236
9 3090.206815
9 3381.739328
9 3598.333136
9 3727.849763
9 3854.635501
9 4162.107752
9 4243.757053
9 4470.544278
9 4654.908661
9 4839.709668
9 5020.627170
9 5112.076020
9 5215.866078
9 5392.612123
9 5671.207011
9 5819.481339
10 98.038470
10 287.342360
10 392.596139
10 593.950890
10 752.095131
10 988.181038
10 1181.841311
10 1410.185649
10 1542.506689
10 1726.926126
10 1987.736379
10 2062.937120
10 2282.206104
10 2321.188908
10 2481.218712
10 2652.089014
10 2823.572752
10 3022.324902
10 3198.979004
10 3403.520775
10 3515.516214
10 3701.753907
10 3854.484712
10 4013.477794
10 4157.287236
10 4335.377616
10 4545.692070
10 4743.653137
10 4909.416962
10 5165.565727
10 5207.531561
10 5445.031688
10 5673.107473
10 5844.110620
11 208.653112
11 382.164621
11 555.797891
11 802.697640
11 1021.916255
11 1207.610707
11 1380.592963
11 1575.093335
11 1751.586953
11 1931.360754
11 2055.319703
11 2235.247148
11 2375.483165
11 2567.789462
11 2801.186641
11 2900.386810
11 3150.667096
11 3360.122980
11 3670.016172
11 3871.286798
11 4085.338932
11 4310.792841
11 4551.275563
11 4698.961381
11 4908.861426
11 5058.358426
11 5098.435162
11 5279.954717
11 5433.757427
11 5570.181404
11 5728.972486
11 5925.469645
12 190.774662
12 266.143842
12 570.650373
12 807.938179
12 1078.882700
12 1269.616202
12 1463.932610
12 1577.285781
12 1802.558146
12 2016.869834
12 2147.206312
12 2357.070192
12 2459.271622
12 2662.930039
12 2894.598517
12 3149.574548
12 3350.010622
12 3597.737573
12 3764.546440
12 4013.825777
12 4281.958610
12 4353.999826
12 4637.209842
12 4848.534998
12 5127.488925
12 5296.807878
12 5465.663506
12 5736.115362
12 5887.580264
13 132.388535
13 289.874199
13 554.864450
13 723.495188
13 804.040629
13 1084.851916
13 1374.056364
13 1622.458385
13 1868.731707
13 2093.676474
13 2204.990979
13 2325.108666
13 2449.869468
13 2632.246708
13 2863.384213
13 3113.716357
13 3404.909159
13 3579.036510
13 3775.681301
13 3963.000349
13 4292.834940
13 4512.321844
13 4755.385587
13 4941.134722
13 5114.377373
13 5285.352409
13 5373.470575
13 5510.555410
13 5844.659624
14 98.796134
14 421.143983
14 580.156114
14 717.563759
14 830.626081
14 980.411082
14 1131.940355
14 1415.725321
14 1587.024956
14 1697.601166
14 1834.054740
14 1970.028145
14 2086.228166
14 2352.389220
14 2664.579940
14 2891.562047
14 3082.657434
14 3263.629569
14 3578.897222
14 3834.278649
14 4016.176131
14 4235.275820
14 4450.470751
14 4679.991492
14 4848.322375
14 5166.753091
14 5343.202803
14 5546.603928
14 5773.653599
14 5880.824859
14 5954.352714
15 175.646383
15 460.940132
15 758.207709
15 786.455060
15 1077.699729
15 1295.152334
15 1482.457513
15 1742.348198
15 1932.165970
15 2123.629639
15 2325.960946
15 2423.784607
15 2534.803671
15 2684.269748
15 2962.307433
15 3199.875726
15 3376.135840
15 3633.369854
15 3936.201034
15 4247.214199
15 4548.076310
15 4662.362927
15 4845.759630
15 5211.333876
15 5423.428382
15 5551.294246
15 5822.509749
16 244.903445
16 492.595454
16 584.828261
16 868.013561
16 1079.224778
16 1211.108968
16 1532.542388
16 1722.239140
16 2012.514148
16 2302.356522
16 2649.249123
16 2860.468110
16 3084.995646
16 3342.249047
16 3600.221430
16 3935.788561
16 4189.584566
16 4392.284608
16 4548.677730
16 4828.719659
16 5041.673807
16 5318.087005
16 5600.633178
16 5798.294936
17 193.686604
17 434.760580
17 610.837729
17 888.214154
17 1033.739676
17 1379.770810
17 1661.595081
17 1874.187709
17 2110.892634
17 2404.392180
17 2768.220072
17 2974.564692
17 3133.001494
17 3314.648145
17 3450.143821
17 3668.440511
17 3830.357601
17 4145.218475
17 4417.778788
17 4601.153757
17 4861.017824
17 5048.440360
17 5387.099995
17 5494.149911
17 5736.044925
17 5969.206223
18 224.202702
18 534.721323
18 709.516053
18 847.247319
18 1111.111971
18 1377.943123
18 1549.248519
18 1870.937630
18 2101.538297
18 2352.667443
18 2526.552817
18 2683.478840
18 2864.496687
18 2979.612914
18 3203.186269
18 3342.765399
18 3520.601384
18 3661.230679
18 3935.057741
18 4139.783530
18 4465.819624
18 4794.492448
18 5003.794552
18 5142.370398
18 5323.801437
18 5583.835381
18 5894.510441
19 220.672976
19 399.755542
19 676.494668
19 832.020580
19 1083.079521
19 1343.786428
19 1513.927778
19 1800.651162
19 2066.014852
19 2326.816331
19 2543.349108
19 2841.801612
19 3149.766744
19 3404.090397
19 3634.650683
19 3775.757494
19 4050.330073
19 4280.897208
19 4482.482352
19 4716.181829
19 4849.030745
19 5111.454332
19 5425.178479
19 5736.985200
19 5974.331340
20 226.895472
20 332.457036
20 683.596517
20 868.395495
20 1181.209554
20 1462.422924
20 1599.319500
20 1821.245382
20 2015.308074
20 2222.512646
20 2450.272544
20 2666.701145
20 2922.835585
20 3217.489091
20 3413.145277
20 3622.461660
20 3767.681026
20 3976.346777
20 4226.719214
20 4487.751487
20 4816.130850
20 5084.494914
20 5295.299086
20 5399.516365
20 5643.873086
20 5973.289605
21 154.758279
21 304.913106
21 580.396471
21 835.097126
21 1038.959411
21 1279.250316
21 1481.259910
21 1649.183634
21 1955.662733
21 2206.695258
21 2407.229282
21 2770.289463
21 2958.346561
21 3246.837118
21 3403.258666
21 3661.709932
21 3853.080775
21 4119.871478
21 4326.794717
21 4628.409977
21 4855.650276
21 5063.421341
21 5415.373403
21 5753.915824
21 5988.735743
22 140.594718
22 451.281111
22 557.721686
22 804.240645
22 1122.241776
22 1313.754331
22 1516.718696
22 1835.698759
22 1987.937634
22 2242.097637
22 2328.814485
22 2610.884607
22 2842.819551
22 3126.767945
22 3342.118302
22 3564.015533
22 3678.561523
22 3872.804931
22 4142.179850
22 4376.535390
22 4655.040225
22 4784.500585
22 5022.489353
22 5286.232790
22 5517.366100
22 5722.090737
22 5977.595263
23 259.647618
23 578.710033
23 965.274101
23 1201.881877
23 1343.351380
23 1524.704530
23 1720.869016
23 1929.084101
23 2105.549126
23 2373.400464
23 2663.302479
23 3051.041194
23 3186.210079
23 3624.700326
23 3775.910692
23 3950.362516
23 4103.155547
23 4323.089126
23 4423.464371
23 4808.701913
23 5019.392319
23 5344.699425
23 5582.451916
23 5844.276567
24 225.236789
24 533.526600
24 741.239310
24 861.745405
24 1083.847820
24 1482.441488
24 1591.878504
24 1862.228995
24 2185.532833
24 2427.118894
24 2715.293529
24 2979.739294
24 3229.812813
24 3491.574659
24 3942.795790
24 4209.957855
24 4447.760664
24 4674.420527
24 4973.341857
24 5196.446665
24 5416.086504
24 5754.990595
25 319.827177
25 687.175857
25 1145.219096
25 1502.143064
25 1827.230683
25 1957.761663
25 2258.077789
25 2459.093013
25 2552.204609
25 2840.821413
25 3149.632097
25 3343.684146
25 3624.999522
25 3953.132660
25 4241.166308
25 4498.105919
25 4849.678931
25 5277.821880
25 5582.732955
25 5913.775907
26 288.360223
26 467.318216
26 787.064898
26 1080.113576
26 1452.735232
26 1628.374965
26 1905.156088
26 2184.301559
26 2351.323156
26 2644.923895
26 2888.010150
26 3371.030489
26 3754.843807
26 4082.910288
26 4391.730147
26 4671.773538
26 4993.520089
26 5226.525393
26 5422.517469
26 5753.161508
27 287.851278
27 605.110859
27 911.111600
27 1184.150218
27 1441.757635
27 1642.017441
27 1909.193434
27 2186.217945
27 2418.969799
27 2801.468699
27 3119.706880
27 3394.757280
27 3696.601532
27 4022.982783
27 4235.072433
27 4582.591758
27 4842.744195
27 5165.668570
27 5366.602703
27 5657.184838
27 5901.935893
28 205.443612
28 578.743876
28 831.732257
28 1116.393347
28 1340.837978
28 1774.133717
28 2043.491042
28 2303.752038
28 2680.520991
28 2875.129070
28 3320.759891
28 3485.325599
28 3743.224094
28 4145.938302
28 4285.325740
28 4628.738423
28 4869.412695
28 5210.157695
28 5658.895048
29 336.723799
29 630.248816
29 885.494023
29 1018.650583
29 1210.207321
29 1563.822385
29 1854.938425
29 2109.990000
29 2465.508287
29 2668.145744
29 2863.013919
29 3172.020409
29 3490.201843
29 3854.308067
29 4211.090241
29 4510.741592
29 4763.813532
29 4973.219259
29 5254.951274
29 5672.713634
29 5752.781080
30 98.191550
30 343.275413
30 667.350892
30 1065.156427
30 1451.123732
30 1763.003175
30 2068.617003
30 2456.321956
30 2807.698379
30 3088.211605
30 3703.210605
30 4100.191091
30 4579.694435
30 4718.823051
30 4882.349414
30 5113.076913
30 5494.209496
30 5820.277792
31 335.479653
31 607.365349
31 906.852223
31 1348.637665
31 1730.215090
31 2053.889482
31 2457.664899
31 2766.026939
31 3063.512184
31 3267.815335
31 3539.307279
31 3825.290263
31 4269.019602
31 4624.154210
31 4939.813069
31 5234.276892
31 5655.172271
31 5987.272741
