1 65.118380
1 153.375074
1 222.303421
1 293.566468
1 352.887807
1 437.240774
1 522.362898
1 615.378255
1 678.702316
1 743.330263
1 809.776577
1 914.266243
1 977.164033
1 1057.635057
1 1091.664856
1 1178.489019
1 1259.407006
1 1305.341739
1 1403.456827
1 1452.420971
1 1532.870167
1 1632.321523
1 1693.191198
1 1777.709104
1 1835.826385
1 1900.121037
1 1982.750862
1 2064.700372
1 2118.909391
1 2209.940868
1 2285.827588
1 2367.164175
1 2427.149898
1 2497.856628
1 2615.248973
1 2690.273382
1 2759.181041
1 2858.049007
1 2924.605817
1 2998.953125
1 3070.489089
1 3115.013031
1 3212.489239
1 3294.425144
1 3361.217866
1 3403.717569
1 3488.142397
1 3557.110398
1 3642.532232
1 3714.730951
1 3740.801057
1 3838.844518
1 3898.631153
1 3986.396790
1 4050.731152
1 4140.330965
1 4196.242744
1 4268.258708
1 4336.143764
1 4442.435108
1 4500.110748
1 4570.951376
1 4670.045123
1 4735.425478
1 4802.381778
1 4856.934680
1 4949.150765
1 5004.773467
1 5070.528688
1 5128.779541
1 5208.682913
1 5281.598648
1 5343.898326
1 5427.464932
1 5516.621702
1 5569.594844
1 5643.815467
1 5708.205373
1 5785.866038
1 5867.825003
1 5916.343900
1 5984.783061
2 91.877529
2 156.539000
2 222.228824
2 295.266219
2 377.346161
2 437.160996
2 522.088341
2 592.104321
2 674.116510
2 740.752551
2 809.027607
2 879.965292
2 952.201964
2 1026.320556
2 1112.184526
2 1176.628033
2 1258.746008
2 1329.321785
2 1377.700770
2 1456.585857
2 1534.325318
2 1630.200956
2 1693.884144
2 1758.505215
2 1832.809168
2 1901.365256
2 1938.743481
2 2064.806226
2 2121.511710
2 2177.206830
2 2251.651685
2 2329.568223
2 2391.480945
2 2457.870642
2 2550.418129
2 2596.301804
2 2664.520672
2 2744.441598
2 2795.163758
2 2875.478923
2 2960.703153
2 3042.373548
2 3112.263215
2 3170.078811
2 3234.578108
2 3295.729112
2 3376.397276
2 3443.623558
2 3522.037785
2 3576.538125
2 3639.833841
2 3737.095181
2 3798.748122
2 3863.623723
2 3938.265706
2 4009.351638
2 4079.623911
2 4134.725486
2 4190.714242
2 4284.400202
2 4339.458407
2 4422.310578
2 4503.186904
2 4572.778908
2 4635.507077
2 4710.785498
2 4766.151847
2 4883.257054
2 4952.095386
2 5028.938411
2 5094.250889
2 5164.029636
2 5238.115153
2 5339.944738
2 5396.933575
2 5478.157995
2 5542.346184
2 5610.090340
2 5674.298489
2 5758.404391
2 5821.457138
2 5903.664872
2 5985.630003
3 87.358428
3 155.543357
3 219.896285
3 291.043808
3 379.294797
3 418.514307
3 505.256602
3 591.039443
3 677.957669
3 739.353578
3 780.801070
3 863.408113
3 935.426531
3 1028.389437
3 1089.772598
3 1159.929992
3 1221.096590
3 1304.333837
3 1378.783247
3 1426.792424
3 1534.363250
3 1584.463388
3 1663.875740
3 1741.734072
3 1809.188427
3 1854.232265
3 1931.907905
3 2026.465684
3 2081.879998
3 2175.924486
3 2246.290167
3 2301.222891
3 2395.435275
3 2458.306737
3 2528.501496
3 2611.347589
3 2664.060450
3 2743.376214
3 2831.895356
3 2876.566274
3 2941.526994
3 3015.658636
3 3071.543852
3 3171.839960
3 3248.632932
3 3335.023735
3 3376.516340
3 3467.289739
3 3522.766088
3 3626.125162
3 3711.499920
3 3776.217705
3 3836.053166
3 3915.392397
3 3983.618597
3 4031.781980
3 4114.102885
3 4198.364657
3 4268.925792
3 4308.194951
3 4377.088193
3 4441.635384
3 4500.970866
3 4587.893310
3 4652.268068
3 4733.494550
3 4823.999385
3 4906.010341
3 4950.558153
3 5031.827005
3 5130.151338
3 5188.903838
3 5286.355619
3 5344.461871
3 5426.207124
3 5495.908222
3 5568.591514
3 5679.094709
3 5759.081190
3 5804.971097
3 5898.872828
3 5936.278647
4 67.074390
4 137.340680
4 222.798124
4 262.359729
4 353.192099
4 434.383908
4 503.978597
4 594.986941
4 676.925822
4 740.562679
4 809.613124
4 913.803232
4 979.878463
4 1060.001575
4 1111.712552
4 1172.656554
4 1257.389583
4 1327.567042
4 1426.674961
4 1495.558760
4 1557.290888
4 1633.380342
4 1694.839903
4 1777.692698
4 1854.403329
4 1937.544778
4 2027.509339
4 2102.736025
4 2174.763199
4 2247.137265
4 2300.098008
4 2371.406035
4 2458.276684
4 2528.956008
4 2597.315599
4 2686.809232
4 2741.416033
4 2831.007314
4 2878.133354
4 2964.074836
4 3042.850775
4 3115.251372
4 3170.536107
4 3254.650460
4 3334.940030
4 3407.259868
4 3487.983930
4 3553.382883
4 3639.316924
4 3712.824996
4 3755.887230
4 3823.857173
4 3895.000141
4 3978.922432
4 4054.062041
4 4132.888711
4 4191.601106
4 4284.529065
4 4338.967004
4 4420.964711
4 4485.331546
4 4544.861983
4 4635.766903
4 4709.032324
4 4764.136948
4 4844.326372
4 4926.146847
4 4984.198074
4 5073.535761
4 5127.569874
4 5190.362790
4 5255.329841
4 5323.172215
4 5398.944165
4 5477.147184
4 5540.091466
4 5614.878458
4 5678.036512
4 5736.249891
4 5803.674357
4 5897.973430
4 5985.436671
5 67.929616
5 154.776056
5 238.582713
5 294.866296
5 351.330613
5 434.963204
5 507.016930
5 569.911071
5 660.518182
5 742.440881
5 810.859776
5 879.261220
5 955.526885
5 1029.513690
5 1109.356289
5 1177.459300
5 1256.972771
5 1325.474278
5 1377.460690
5 1456.257353
5 1534.883195
5 1582.441242
5 1694.169718
5 1737.243206
5 1837.673698
5 1902.684978
5 2002.748783
5 2080.097151
5 2137.805549
5 2211.545535
5 2302.115292
5 2353.514582
5 2428.012901
5 2500.695081
5 2566.809541
5 2647.889139
5 2715.255423
5 2741.826286
5 2831.553445
5 2902.570306
5 2977.016009
5 3072.913365
5 3116.425749
5 3215.364526
5 3293.936041
5 3377.320717
5 3425.317008
5 3523.280326
5 3579.181945
5 3640.779100
5 3740.703906
5 3800.969787
5 3864.035293
5 3938.201620
5 4007.737278
5 4079.162822
5 4191.933768
5 4239.086002
5 4304.410137
5 4395.392025
5 4501.810391
5 4543.686258
5 4613.465321
5 4711.732064
5 4765.885132
5 4841.191128
5 4923.637234
5 5004.879545
5 5070.044154
5 5149.350388
5 5236.252945
5 5290.040441
5 5362.626487
5 5451.102134
5 5516.174923
5 5568.147599
5 5677.979770
5 5733.040779
5 5801.825485
5 5898.919292
5 5968.238374
6 68.394004
6 117.249420
6 201.056918
6 293.708960
6 353.935807
6 438.965860
6 506.035497
6 592.953477
6 692.537720
6 740.041773
6 839.862546
6 914.460950
6 973.290008
6 1058.346521
6 1130.120737
6 1221.264643
6 1256.383999
6 1355.762436
6 1429.729025
6 1491.997638
6 1582.129925
6 1632.538375
6 1712.192118
6 1777.077954
6 1834.753028
6 1900.946690
6 2001.667570
6 2064.263311
6 2119.240725
6 2194.428132
6 2248.367082
6 2332.151458
6 2394.528274
6 2505.095311
6 2569.674523
6 2645.643615
6 2717.264161
6 2794.692515
6 2879.218086
6 2959.414868
6 3041.373833
6 3115.191699
6 3170.922452
6 3254.867493
6 3333.445033
6 3406.853675
6 3489.624759
6 3552.462380
6 3641.406937
6 3676.455590
6 3739.947443
6 3837.231385
6 3913.849944
6 3985.829841
6 4051.821695
6 4135.382349
6 4161.369462
6 4266.709968
6 4359.353887
6 4444.595001
6 4500.478834
6 4591.681654
6 4634.728541
6 4717.805208
6 4770.159234
6 4843.600831
6 4952.878208
6 5000.960816
6 5092.046655
6 5188.456637
6 5257.265696
6 5341.184667
6 5424.464120
6 5476.256495
6 5568.431227
6 5609.927207
6 5707.637131
6 5785.512245
6 5867.496614
6 5969.291945
7 65.387827
7 155.180008
7 223.786941
7 292.404367
7 380.298495
7 435.410904
7 539.049487
7 612.224600
7 691.484153
7 779.043792
7 861.151560
7 917.237612
7 1027.116139
7 1092.492938
7 1202.538176
7 1255.702128
7 1323.951535
7 1404.538363
7 1492.856233
7 1554.184517
7 1630.787094
7 1741.112562
7 1809.148887
7 1902.228701
7 1956.784058
7 2028.529907
7 2119.956024
7 2212.591212
7 2247.266468
7 2352.231452
7 2426.484924
7 2500.897453
7 2592.945178
7 2686.335118
7 2757.897663
7 2828.607636
7 2904.580047
7 2959.011380
7 3040.078022
7 3115.208381
7 3194.814812
7 3276.984437
7 3361.670124
7 3426.364050
7 3524.085686
7 3580.033495
7 3623.601892
7 3740.210907
7 3820.451835
7 3864.773596
7 3936.208430
7 4030.043462
7 4115.129054
7 4162.890481
7 4238.756914
7 4340.223931
7 4394.093950
7 4464.395060
7 4545.471660
7 4636.075124
7 4713.697367
7 4768.296101
7 4841.875087
7 4904.779738
7 4984.854522
7 5049.861424
7 5131.361809
7 5190.924863
7 5254.020831
7 5345.825729
7 5424.695208
7 5514.919470
7 5571.346140
7 5613.664918
7 5704.173655
7 5825.533577
7 5898.145968
7 5985.479830
8 68.082445
8 155.106599
8 221.052645
8 294.528829
8 378.474956
8 435.568753
8 542.181145
8 614.152733
8 694.166416
8 775.429475
8 838.049981
8 935.577244
8 1010.216618
8 1092.480222
8 1156.015338
8 1238.089622
8 1303.622894
8 1375.435843
8 1457.660575
8 1535.215978
8 1615.765538
8 1690.043769
8 1778.351106
8 1858.086873
8 1933.473071
8 2004.626920
8 2067.226006
8 2176.888495
8 2247.225161
8 2328.001564
8 2391.758859
8 2475.809030
8 2548.677653
8 2614.042073
8 2685.453533
8 2791.098945
8 2828.283543
8 2902.888799
8 2995.507314
8 3071.962484
8 3145.646007
8 3214.759944
8 3295.331638
8 3376.569090
8 3443.977757
8 3526.893391
8 3626.930588
8 3678.476261
8 3754.523464
8 3823.719516
8 3896.510123
8 3983.264029
8 4053.872450
8 4117.403412
8 4191.530215
8 4268.547431
8 4357.338306
8 4423.830378
8 4501.681227
8 4589.069496
8 4651.512745
8 4736.677170
8 4803.455213
8 4886.581877
8 4952.994329
8 5030.507873
8 5129.657420
8 5189.727119
8 5254.993112
8 5342.325258
8 5424.836219
8 5494.990274
8 5569.556804
8 5641.529743
8 5737.328952
8 5801.513524
8 5898.037626
8 5969.616212
9 92.895713
9 153.542886
9 222.533007
9 295.748400
9 379.697078
9 436.333283
9 540.497995
9 614.054805
9 677.797800
9 738.767149
9 807.481157
9 884.848274
9 977.120286
9 1060.292358
9 1125.739214
9 1221.443596
9 1259.823709
9 1325.926478
9 1401.850383
9 1493.911286
9 1557.933287
9 1631.694253
9 1712.226869
9 1779.006728
9 1854.715632
9 1935.404825
9 2003.238153
9 2064.763223
9 2176.036541
9 2251.631235
9 2355.576854
9 2391.653935
9 2473.466908
9 2550.136056
9 2613.439195
9 2686.133130
9 2775.400656
9 2856.873402
9 2944.384548
9 2994.237747
9 3097.258399
9 3169.783481
9 3232.713296
9 3294.602444
9 3378.096411
9 3445.110651
9 3523.985085
9 3580.126884
9 3675.203271
9 3758.724614
9 3836.010587
9 3914.085592
9 3982.624716
9 4052.836529
9 4136.447511
9 4161.574222
9 4267.967615
9 4358.370401
9 4420.876341
9 4502.390596
9 4572.574429
9 4672.072093
9 4738.752187
9 4824.524289
9 4905.677972
9 4949.542739
9 5072.407409
9 5129.140851
9 5207.141165
9 5286.876771
9 5378.925056
9 5453.589283
9 5513.875374
9 5590.276847
9 5678.611622
9 5756.603549
9 5867.317172
9 5938.332982
10 90.105080
10 152.293852
10 237.403000
10 293.935007
10 352.320498
10 435.236183
10 510.454587
10 592.677982
10 664.509989
10 739.303137
10 839.375728
10 914.786024
10 976.295583
10 1092.922415
10 1178.915293
10 1258.296312
10 1301.341518
10 1403.309145
10 1456.787805
10 1555.510713
10 1616.758487
10 1709.242024
10 1779.612832
10 1856.130937
10 1940.094487
10 2002.188645
10 2065.832161
10 2157.462458
10 2247.697038
10 2368.860020
10 2425.111486
10 2499.543021
10 2613.476697
10 2645.641093
10 2740.923010
10 2791.312045
10 2904.654404
10 2976.437611
10 3042.132452
10 3145.341584
10 3214.670798
10 3294.730177
10 3377.640550
10 3443.979903
10 3524.114369
10 3579.431695
10 3675.508213
10 3754.856590
10 3821.163344
10 3896.198519
10 3980.549140
10 4079.589801
10 4136.611025
10 4222.788039
10 4311.317268
10 4379.500145
10 4441.440670
10 4521.375790
10 4591.761903
10 4671.730432
10 4734.468033
10 4825.128623
10 4906.778301
10 4984.885494
10 5072.313192
10 5146.111809
10 5254.245568
10 5289.407079
10 5376.535736
10 5451.079733
10 5541.611258
10 5611.907862
10 5677.684915
10 5785.532129
10 5804.564044
10 5917.220946
10 5979.402229
11 91.483120
11 176.323127
11 258.700918
11 349.795713
11 439.351794
11 478.250103
11 540.696772
11 613.044496
11 698.028183
11 778.114120
11 862.509464
11 935.029627
11 974.452589
11 1090.831063
11 1158.622834
11 1259.898597
11 1326.556763
11 1404.568107
11 1494.541680
11 1555.509670
11 1632.965800
11 1710.489785
11 1778.228751
11 1854.010871
11 1938.291550
11 1980.830631
11 2064.974070
11 2145.144053
11 2229.380408
11 2301.729414
11 2390.675435
11 2476.652173
11 2532.449037
11 2615.796701
11 2743.658775
11 2812.312251
11 2904.190959
11 2979.495594
11 3043.347919
11 3114.831730
11 3196.694743
11 3271.171030
11 3331.477824
11 3407.463642
11 3490.707094
11 3579.185973
11 3659.007758
11 3753.602023
11 3821.515386
11 3916.129789
11 3983.885679
11 4051.157520
11 4114.560812
11 4191.275314
11 4281.524806
11 4358.781667
11 4442.179948
11 4520.144253
11 4588.983627
11 4671.773442
11 4766.801112
11 4821.986614
11 4883.201916
11 4984.385473
11 5072.241430
11 5129.568784
11 5191.497731
11 5290.889584
11 5362.796734
11 5452.669905
11 5514.312784
11 5611.019553
11 5706.498524
11 5784.837038
11 5871.452820
11 5935.948073
12 93.097492
12 156.552019
12 220.730544
12 318.004130
12 438.289654
12 476.486683
12 571.169478
12 633.516344
12 718.268439
12 810.212296
12 863.417117
12 953.746755
12 1029.324885
12 1108.562582
12 1221.171312
12 1285.488292
12 1357.324077
12 1427.166161
12 1490.211454
12 1584.384432
12 1659.532671
12 1739.262593
12 1811.182782
12 1900.998845
12 1953.838258
12 2064.300815
12 2118.183210
12 2209.564376
12 2301.343139
12 2351.031946
12 2428.175690
12 2506.594898
12 2598.981687
12 2687.432887
12 2741.329066
12 2828.137804
12 2903.457063
12 2997.881453
12 3114.207089
12 3172.840342
12 3252.118925
12 3334.953844
12 3424.965078
12 3521.815778
12 3579.420734
12 3643.106476
12 3714.144320
12 3801.771182
12 3913.678198
12 3987.104992
12 4031.243832
12 4114.753498
12 4198.494346
12 4268.342099
12 4355.935094
12 4419.881095
12 4467.417018
12 4589.059339
12 4670.879891
12 4768.359092
12 4859.089565
12 4948.974181
12 5002.966926
12 5075.657887
12 5150.266750
12 5239.556887
12 5322.125811
12 5426.789928
12 5500.535871
12 5567.498983
12 5644.718852
12 5704.690830
12 5820.902794
12 5897.411547
12 5987.380089
13 90.988695
13 176.391010
13 258.959078
13 325.791329
13 399.155436
13 503.584266
13 569.635461
13 633.539835
13 718.924268
13 780.864852
13 861.422533
13 936.260819
13 1027.789480
13 1093.756038
13 1178.479381
13 1257.008458
13 1324.188870
13 1405.620208
13 1494.413368
13 1556.423220
13 1630.129256
13 1709.246189
13 1809.755043
13 1878.478439
13 1941.503110
13 2029.465801
13 2101.581259
13 2191.202223
13 2247.386536
13 2350.841193
13 2425.959361
13 2531.018059
13 2598.123537
13 2685.658870
13 2775.124869
13 2856.893646
13 2943.705973
13 3013.795230
13 3070.126555
13 3172.442437
13 3251.981164
13 3332.185667
13 3409.265023
13 3524.742554
13 3579.127207
13 3625.729725
13 3755.712050
13 3821.462549
13 3913.821553
13 3984.015023
13 4078.627873
13 4161.009729
13 4283.686737
13 4341.625554
13 4419.189860
13 4503.238341
13 4590.158946
13 4670.481864
13 4772.578872
13 4821.066842
13 4906.008545
13 5002.807011
13 5070.806142
13 5146.996510
13 5255.661418
13 5342.482178
13 5422.794448
13 5516.005041
13 5587.121364
13 5678.269101
13 5733.458103
13 5806.306573
13 5868.736069
13 5953.660686
14 91.455438
14 154.819271
14 222.659426
14 297.867455
14 400.240016
14 476.852378
14 540.507780
14 635.740932
14 718.755598
14 809.203623
14 864.126905
14 955.539507
14 1028.010934
14 1109.377486
14 1204.266105
14 1255.885955
14 1356.942820
14 1426.115338
14 1495.577936
14 1558.338229
14 1651.371231
14 1711.796726
14 1809.059883
14 1880.278851
14 1939.901201
14 2066.425924
14 2138.801167
14 2212.447756
14 2301.150856
14 2353.685354
14 2427.486437
14 2544.747238
14 2596.144400
14 2685.074209
14 2741.365741
14 2855.996767
14 2960.465171
14 3014.358333
14 3092.497164
14 3172.756403
14 3254.051868
14 3330.417732
14 3404.924634
14 3490.585947
14 3579.022089
14 3642.037644
14 3712.539252
14 3776.196387
14 3863.628123
14 3938.225405
14 4029.956699
14 4115.709917
14 4191.078243
14 4284.237605
14 4397.960645
14 4467.846519
14 4542.220772
14 4636.825862
14 4709.268334
14 4765.489159
14 4841.874878
14 4950.890895
14 5030.292014
14 5091.579288
14 5171.025792
14 5256.907044
14 5342.061011
14 5425.380714
14 5493.403774
14 5566.637443
14 5646.088915
14 5757.850106
14 5839.807554
14 5917.945114
14 5986.200086
15 89.693264
15 138.516617
15 237.727816
15 315.577934
15 379.491271
15 476.066396
15 542.160370
15 636.465278
15 717.962388
15 808.034886
15 881.391157
15 973.256310
15 1058.822719
15 1129.039372
15 1236.882519
15 1283.889878
15 1379.569564
15 1461.700398
15 1534.886365
15 1633.112151
15 1692.786779
15 1779.476803
15 1854.353627
15 1960.445462
15 2003.294220
15 2100.444804
15 2192.965314
15 2253.261749
15 2335.929297
15 2390.941483
15 2477.377194
15 2570.920372
15 2644.313397
15 2744.106960
15 2831.134633
15 2903.100401
15 2977.392109
15 3068.423064
15 3145.695801
15 3232.738376
15 3295.476087
15 3359.465659
15 3465.430225
15 3554.780783
15 3640.641668
15 3710.604486
15 3836.983900
15 3863.300314
15 3935.305292
15 4030.978061
15 4116.715744
15 4193.022331
15 4267.684483
15 4342.039523
15 4441.919173
15 4541.937229
15 4636.708882
15 4714.095376
15 4769.216542
15 4857.121307
15 4907.391445
15 5001.831797
15 5072.328006
15 5146.835090
15 5254.750940
15 5289.635488
15 5380.253302
15 5455.124461
15 5544.750114
15 5643.446967
15 5705.545532
15 5784.478313
15 5867.960348
15 5934.890180
16 67.702121
16 174.824210
16 258.193294
16 352.522291
16 419.181832
16 522.949018
16 611.265725
16 694.261491
16 778.646744
16 837.967043
16 934.783387
16 1009.394478
16 1106.712886
16 1178.565173
16 1258.889290
16 1329.375896
16 1435.344955
16 1527.639231
16 1617.070227
16 1693.401142
16 1783.021520
16 1856.158210
16 1942.051389
16 2030.155423
16 2116.862684
16 2191.905793
16 2271.320997
16 2348.867047
16 2427.774262
16 2502.643158
16 2597.463064
16 2689.203388
16 2789.688575
16 2879.418188
16 2976.416341
16 3040.006867
16 3146.169524
16 3213.626604
16 3296.428813
16 3377.532218
16 3484.688818
16 3552.624296
16 3621.962367
16 3715.269991
16 3798.640989
16 3864.698903
16 3938.879726
16 4031.066435
16 4116.124023
16 4162.250384
16 4285.514669
16 4359.024759
16 4395.857935
16 4503.029877
16 4574.494398
16 4670.510075
16 4737.776412
16 4824.366690
16 4924.958271
16 5001.732043
16 5094.044925
16 5148.857654
16 5236.643864
16 5288.359322
16 5381.911269
16 5478.441942
16 5568.037062
16 5628.036223
16 5760.963982
16 5824.698327
16 5899.802222
16 5983.511494
17 89.212468
17 174.991815
17 256.045940
17 352.587054
17 437.668681
17 473.938465
17 541.139165
17 616.799649
17 694.097069
17 779.856779
17 862.141677
17 957.954305
17 1030.543577
17 1106.296042
17 1205.119196
17 1303.801689
17 1374.429308
17 1457.667307
17 1537.432670
17 1616.938564
17 1696.779192
17 1780.462829
17 1881.112045
17 1957.708365
17 2029.098689
17 2121.866979
17 2194.810130
17 2301.712786
17 2352.026362
17 2458.525144
17 2550.864262
17 2613.730364
17 2683.886667
17 2795.708680
17 2878.243177
17 2979.476306
17 3070.329068
17 3147.607015
17 3215.948527
17 3294.778663
17 3359.638176
17 3444.746898
17 3526.822372
17 3621.475012
17 3678.829261
17 3754.663307
17 3864.180190
17 3939.334516
17 4032.139078
17 4137.322480
17 4190.241536
17 4285.365108
17 4358.162589
17 4443.353625
17 4521.112097
17 4590.718810
17 4710.934140
17 4785.694407
17 4842.755162
17 4949.729624
17 5003.709836
17 5092.559588
17 5170.826116
17 5255.539949
17 5380.921834
17 5451.103158
17 5517.225076
17 5626.379105
17 5706.755033
17 5782.541455
17 5866.388587
17 5937.710015
18 90.639802
18 174.271443
18 259.453273
18 352.811518
18 436.491937
18 508.852360
18 588.895587
18 677.880304
18 759.454655
18 838.419448
18 954.804140
18 1028.008639
18 1127.573340
18 1219.559820
18 1305.127613
18 1377.026024
18 1458.527527
18 1556.485135
18 1631.825795
18 1711.304140
18 1806.872729
18 1880.394265
18 1956.460185
18 2065.054182
18 2143.137114
18 2191.694446
18 2329.814534
18 2390.478562
18 2499.370473
18 2570.966793
18 2641.357062
18 2740.368383
18 2811.949610
18 2877.225202
18 2961.117883
18 3045.852856
18 3145.161119
18 3231.075462
18 3333.782013
18 3407.316426
18 3491.889038
18 3555.020322
18 3640.979712
18 3712.903984
18 3799.200478
18 3861.907065
18 3938.724214
18 4034.964454
18 4116.079586
18 4191.610345
18 4311.559632
18 4393.493093
18 4503.233502
18 4539.055654
18 4673.091440
18 4733.933330
18 4823.980503
18 4884.954624
18 5000.493924
18 5050.811518
18 5148.927395
18 5238.239033
18 5325.398377
18 5423.210663
18 5476.871330
18 5570.665158
18 5644.558651
18 5706.027258
18 5823.591944
18 5899.309714
18 5968.721859
19 83.330339
19 198.634650
19 295.889779
19 379.550052
19 456.422629
19 541.739810
19 635.602349
19 675.665076
19 806.356378
19 883.220743
19 956.988455
19 1061.274731
19 1129.675020
19 1237.560056
19 1303.313283
19 1404.050224
19 1491.960815
19 1552.567664
19 1631.300324
19 1711.183899
19 1809.209033
19 1881.577076
19 1957.279429
19 2032.042936
19 2119.330278
19 2193.925464
19 2271.465711
19 2350.891937
19 2427.593739
19 2500.344457
19 2596.465068
19 2689.004022
19 2793.020553
19 2879.019488
19 2959.991806
19 3043.720017
19 3117.224593
19 3215.235635
19 3292.581786
19 3361.880164
19 3426.795661
19 3524.507178
19 3624.653234
19 3714.417891
19 3776.646389
19 3865.602664
19 3937.939246
19 4029.582627
19 4135.091895
19 4239.225415
19 4309.197965
19 4396.328176
19 4502.619611
19 4589.798637
19 4633.012620
19 4737.414759
19 4822.285683
19 4907.762402
19 5003.310693
19 5093.423432
19 5189.615843
19 5255.002075
19 5343.525442
19 5429.029970
19 5478.718132
19 5564.478939
19 5678.404506
19 5758.418813
19 5818.913508
19 5937.114485
20 84.083189
20 155.417194
20 222.805626
20 295.964468
20 378.813195
20 475.628612
20 569.901126
20 635.482975
20 740.567855
20 807.185010
20 914.859969
20 978.314957
20 1075.982279
20 1129.907901
20 1205.767841
20 1301.289777
20 1377.446662
20 1492.804154
20 1554.196304
20 1660.457154
20 1741.408766
20 1834.593598
20 1939.272599
20 2003.628020
20 2065.357952
20 2190.831391
20 2249.169230
20 2349.975551
20 2428.500602
20 2501.849087
20 2597.172666
20 2642.486285
20 2740.927133
20 2830.850809
20 2905.577166
20 3014.670434
20 3071.314550
20 3146.270986
20 3231.565607
20 3293.332068
20 3378.706256
20 3489.969943
20 3555.932809
20 3622.811754
20 3739.898143
20 3839.765455
20 3895.739245
20 3981.007160
20 4079.900528
20 4164.373843
20 4236.749158
20 4311.884500
20 4400.184578
20 4468.579035
20 4572.586711
20 4670.993271
20 4733.055841
20 4857.711180
20 4907.172252
20 5002.252815
20 5095.417053
20 5187.367365
20 5289.697337
20 5360.630493
20 5452.304169
20 5540.032277
20 5627.501602
20 5703.746278
20 5824.661284
20 5894.837092
20 5985.690550
21 85.744278
21 173.247109
21 279.695538
21 352.608949
21 457.397629
21 541.287251
21 637.394699
21 720.054396
21 776.735171
21 864.349385
21 953.291915
21 1027.842644
21 1132.972385
21 1238.367304
21 1305.689380
21 1377.033710
21 1460.446389
21 1530.832981
21 1634.277695
21 1690.970999
21 1809.567240
21 1880.860646
21 1956.526079
21 2065.995275
21 2145.595505
21 2248.475053
21 2297.715395
21 2368.482270
21 2476.028703
21 2570.532150
21 2644.988126
21 2736.788672
21 2789.912787
21 2876.053795
21 2943.326290
21 3014.177110
21 3113.911379
21 3196.247609
21 3294.923110
21 3361.182969
21 3465.225610
21 3556.893079
21 3642.712909
21 3740.819628
21 3820.500664
21 3895.105347
21 4007.827953
21 4078.676366
21 4194.140047
21 4282.845870
21 4356.015120
21 4468.358847
21 4571.670309
21 4675.674247
21 4766.058317
21 4856.936001
21 4948.997477
21 5030.663224
21 5128.676656
21 5186.621531
21 5285.434777
21 5363.873789
21 5449.974483
21 5540.043705
21 5626.573206
21 5705.796431
21 5784.854956
21 5823.341410
21 5934.743179
22 83.936061
22 155.539602
22 257.665074
22 351.306043
22 419.937854
22 536.496322
22 610.804809
22 694.762055
22 762.618032
22 882.325836
22 954.314577
22 1057.736943
22 1128.691231
22 1236.795679
22 1327.785456
22 1400.013567
22 1493.643741
22 1583.052531
22 1631.242101
22 1735.276623
22 1834.903215
22 1900.373671
22 1999.890118
22 2079.976399
22 2173.900030
22 2247.552162
22 2331.863563
22 2426.607274
22 2532.871065
22 2598.332207
22 2683.960268
22 2792.609974
22 2878.720795
22 2978.456014
22 3039.819846
22 3146.681810
22 3232.334083
22 3328.457879
22 3405.558036
22 3525.983833
22 3580.722162
22 3676.880290
22 3774.267818
22 3869.262173
22 3940.866251
22 4031.254036
22 4115.567139
22 4191.299349
22 4283.730570
22 4395.104999
22 4468.289588
22 4521.256481
22 4635.219801
22 4713.252976
22 4785.640528
22 4885.092675
22 4950.490405
22 5072.171960
22 5130.599216
22 5206.858301
22 5298.425952
22 5426.615139
22 5474.600782
22 5570.504804
22 5644.602262
22 5758.370419
22 5839.706124
22 5918.837771
22 5986.922438
23 84.218033
23 175.884846
23 255.632585
23 354.450556
23 433.987381
23 505.662072
23 614.287065
23 693.985741
23 778.235342
23 881.423051
23 954.018369
23 1058.325482
23 1154.859596
23 1258.253251
23 1355.621986
23 1426.681229
23 1534.514812
23 1627.798640
23 1690.176055
23 1779.150178
23 1857.307822
23 1934.984127
23 2027.096666
23 2120.103186
23 2212.272355
23 2302.389929
23 2390.022019
23 2500.948146
23 2571.316381
23 2644.282543
23 2742.672653
23 2831.806905
23 2904.311603
23 3012.076255
23 3073.180134
23 3171.313779
23 3252.178778
23 3361.752663
23 3404.629414
23 3530.141205
23 3604.611660
23 3675.683572
23 3756.408098
23 3838.877271
23 3937.657202
23 4031.685706
23 4135.780171
23 4165.032903
23 4285.531584
23 4359.244210
23 4469.660951
23 4543.592824
23 4590.560141
23 4691.330421
23 4763.407467
23 4884.162869
23 4952.891987
23 5049.246831
23 5148.966536
23 5238.633069
23 5324.195492
23 5423.527930
23 5478.689637
23 5567.366524
23 5642.740500
23 5756.549347
23 5869.055848
23 5936.479111
24 91.840226
24 192.911036
24 296.543821
24 380.459752
24 457.687199
24 541.263357
24 636.607124
24 718.296845
24 808.075478
24 936.024296
24 1031.137709
24 1109.173303
24 1221.007968
24 1303.574710
24 1376.314328
24 1491.819980
24 1581.879425
24 1695.321142
24 1742.310980
24 1835.142381
24 1919.156369
24 2005.355505
24 2080.623188
24 2177.033234
24 2269.557035
24 2354.317085
24 2426.197811
24 2545.056573
24 2642.078998
24 2743.954477
24 2813.119578
24 2907.631506
24 2995.510593
24 3072.772125
24 3170.750173
24 3254.210633
24 3360.424936
24 3446.097130
24 3527.457565
24 3625.328874
24 3713.996722
24 3799.630763
24 3865.148123
24 3983.410540
24 4052.458383
24 4137.170805
24 4240.632854
24 4340.549570
24 4442.322648
24 4522.100950
24 4633.417481
24 4715.856758
24 4770.512752
24 4841.084247
24 4954.528810
24 5027.942938
24 5126.829552
24 5253.654776
24 5289.530809
24 5383.122152
24 5450.823035
24 5570.765695
24 5609.528292
24 5734.246676
24 5802.599807
24 5900.500565
24 5984.308059
25 84.119431
25 155.741705
25 259.780639
25 378.905138
25 474.915740
25 568.783243
25 676.391158
25 743.028998
25 805.274780
25 914.387505
25 974.170177
25 1091.260146
25 1179.246159
25 1260.591053
25 1357.204251
25 1429.454004
25 1532.266088
25 1628.262082
25 1711.467649
25 1807.518352
25 1880.167195
25 2001.430792
25 2080.767886
25 2157.481134
25 2251.112648
25 2354.667717
25 2429.994648
25 2548.853185
25 2614.836536
25 2742.211135
25 2829.128240
25 2902.647624
25 2977.376811
25 3072.255318
25 3169.877626
25 3249.495081
25 3328.339179
25 3407.101466
25 3492.476391
25 3580.908008
25 3696.629428
25 3799.214381
25 3865.447930
25 3965.050735
25 4053.987322
25 4136.040367
25 4237.562081
25 4358.114674
25 4441.568661
25 4520.451736
25 4636.334068
25 4714.519968
25 4822.361444
25 4904.588364
25 4952.449830
25 5071.390019
25 5148.895796
25 5257.491865
25 5378.954950
25 5450.467028
25 5541.436287
25 5628.661817
25 5706.623494
25 5802.539799
25 5898.363567
25 5984.509608
26 84.631641
26 174.169427
26 256.522407
26 352.938482
26 418.623302
26 540.054145
26 613.411341
26 692.286723
26 811.712706
26 882.461219
26 973.278056
26 1107.727113
26 1204.216369
26 1285.921581
26 1380.834641
26 1477.513498
26 1557.563895
26 1653.600532
26 1739.954263
26 1835.430728
26 1958.982309
26 2027.960333
26 2120.023413
26 2212.449400
26 2303.007841
26 2390.948900
26 2502.251657
26 2613.346497
26 2688.753835
26 2760.330708
26 2877.005075
26 2978.292418
26 3073.635235
26 3169.709150
26 3254.133133
26 3358.895760
26 3425.755823
26 3553.896275
26 3642.205169
26 3739.632996
26 3822.527251
26 3914.641822
26 3983.572480
26 4078.880074
26 4160.331696
26 4240.210769
26 4309.534688
26 4420.855645
26 4500.899656
26 4589.719040
26 4652.009348
26 4734.276318
26 4840.268366
26 4953.274106
26 5033.968123
26 5091.529098
26 5187.387095
26 5284.690084
26 5422.497755
26 5477.721646
26 5590.027473
26 5675.211661
26 5787.576558
26 5898.345838
26 5983.574757
27 92.723515
27 174.472032
27 257.323292
27 353.912429
27 471.705170
27 540.403891
27 635.362671
27 740.357665
27 841.290976
27 935.389491
27 1027.492495
27 1131.272456
27 1220.105511
27 1303.257019
27 1404.227136
27 1493.845424
27 1583.378898
27 1693.544310
27 1808.206688
27 1901.953789
27 1956.904768
27 2066.604684
27 2174.389741
27 2248.919288
27 2330.857583
27 2428.247623
27 2528.037289
27 2610.766564
27 2687.643404
27 2792.368122
27 2858.031809
27 2978.186653
27 3042.505783
27 3145.922241
27 3234.208317
27 3331.555076
27 3426.648420
27 3523.292965
27 3624.037021
27 3695.648765
27 3798.297133
27 3898.799647
27 3986.048688
27 4077.246699
27 4193.685834
27 4268.466686
27 4358.763509
27 4441.510904
27 4518.811732
27 4584.802583
27 4713.472618
27 4762.535747
27 4882.047311
27 4982.514030
27 5072.161050
27 5150.033126
27 5257.085025
27 5323.710173
27 5378.322263
27 5492.970893
27 5588.548501
27 5674.606664
27 5781.984437
27 5870.989885
27 5983.746482
28 115.200737
28 203.137453
28 293.952736
28 381.825549
28 471.204367
28 570.299162
28 678.243890
28 762.846022
28 839.404360
28 936.895236
28 1030.241364
28 1092.585576
28 1218.912649
28 1287.242872
28 1401.537994
28 1493.143747
28 1583.459079
28 1696.573008
28 1776.982155
28 1855.624169
28 1955.527673
28 2065.255854
28 2150.910944
28 2248.789313
28 2356.246002
28 2457.711472
28 2550.694774
28 2645.095138
28 2741.650726
28 2857.585130
28 2942.638507
28 3041.628903
28 3146.416435
28 3214.414637
28 3332.693404
28 3424.041132
28 3523.418471
28 3608.210530
28 3712.015088
28 3779.164960
28 3895.696884
28 3987.799870
28 4078.765092
28 4164.427239
28 4266.214677
28 4335.370899
28 4443.429931
28 4573.573677
28 4651.705323
28 4734.800060
28 4840.684706
28 4954.112937
28 5031.177224
28 5147.558218
28 5237.499855
28 5375.526819
28 5453.025342
28 5517.295850
28 5611.136688
28 5704.644546
28 5784.515014
28 5867.005260
28 5988.361231
29 90.603488
29 192.691626
29 294.484961
29 382.258013
29 474.402509
29 611.402383
29 699.214818
29 779.745289
29 915.601999
29 1010.996314
29 1093.683870
29 1203.825128
29 1286.177801
29 1376.857117
29 1457.763679
29 1555.048566
29 1641.808796
29 1737.985045
29 1853.756137
29 1934.192808
29 2067.471727
29 2175.105558
29 2269.789305
29 2352.053157
29 2479.339947
29 2568.598484
29 2642.858840
29 2740.844121
29 2812.736147
29 2877.663760
29 2978.910317
29 3073.820150
29 3174.342095
29 3255.780537
29 3360.691093
29 3445.771769
29 3560.046990
29 3625.348132
29 3740.122013
29 3836.912140
29 3939.744134
29 4030.584266
29 4134.412154
29 4220.741658
29 4336.366875
29 4420.338618
29 4503.393595
29 4587.724589
29 4713.498406
29 4804.842882
29 4903.759540
29 5001.714343
29 5096.167800
29 5188.329572
29 5256.104080
29 5362.556289
29 5453.061268
29 5542.826370
29 5646.418479
29 5733.287248
29 5821.320210
29 5898.108316
30 89.540249
30 203.795385
30 297.516697
30 420.870583
30 537.682057
30 634.316505
30 740.920460
30 839.038994
30 931.888727
30 1029.430190
30 1126.836400
30 1220.689002
30 1286.470629
30 1403.024855
30 1534.615869
30 1632.711522
30 1735.158120
30 1832.931110
30 1902.393950
30 2001.298738
30 2100.246113
30 2194.214622
30 2301.575233
30 2391.761345
30 2502.350529
30 2597.383235
30 2716.668482
30 2795.071858
30 2902.357140
30 3013.131825
30 3094.325511
30 3194.747343
30 3293.893683
30 3406.423828
30 3526.037823
30 3607.610836
30 3711.952101
30 3798.545618
30 3898.996237
30 3981.690953
30 4079.438626
30 4161.428208
30 4268.121089
30 4394.798548
30 4503.528861
30 4572.536622
30 4669.222823
30 4767.530273
30 4857.645892
30 4949.208635
30 5031.842708
30 5130.908021
30 5253.130785
30 5340.058932
30 5452.060718
30 5570.359664
30 5643.470911
30 5757.088702
30 5870.730019
30 5935.246322
31 85.277745
31 203.776250
31 294.434992
31 380.116635
31 508.857587
31 612.560301
31 694.830263
31 781.839647
31 879.189861
31 973.325472
31 1061.662551
31 1176.854456
31 1286.621839
31 1377.750096
31 1494.397279
31 1556.901029
31 1649.303627
31 1738.852162
31 1836.535956
31 1955.086972
31 2000.812648
31 2117.158288
31 2194.791670
31 2304.443659
31 2409.360992
31 2499.180324
31 2598.517223
31 2686.314730
31 2791.258645
31 2906.412509
31 3014.638932
31 3144.063242
31 3250.899216
31 3359.844539
31 3489.829860
31 3578.588243
31 3675.166942
31 3775.388828
31 3864.348479
31 3982.818978
31 4080.145283
31 4134.907081
31 4238.357354
31 4359.978153
31 4443.675948
31 4520.256122
31 4637.356837
31 4711.431987
31 4822.046438
31 4906.613534
31 5004.365768
31 5074.235350
31 5189.931256
31 5285.652408
31 5365.281165
31 5478.092949
31 5566.098299
31 5679.750107
31 5755.876562
31 5801.895989
31 5985.702182
32 82.960481
32 176.215627
32 290.701105
32 378.545899
32 503.170434
32 608.676073
32 696.937826
32 807.455627
32 913.234296
32 1027.484424
32 1130.245488
32 1203.606730
32 1325.233078
32 1426.320250
32 1491.930246
32 1581.975877
32 1709.807343
32 1810.680078
32 1899.942483
32 2005.086857
32 2117.907504
32 2211.482417
32 2302.900534
32 2391.794714
32 2500.246792
32 2570.161376
32 2689.496007
32 2792.407664
32 2876.772644
32 2976.528599
32 3095.537317
32 3174.521447
32 3293.405971
32 3407.505956
32 3524.219039
32 3641.471766
32 3712.623244
32 3796.637028
32 3897.190873
32 4008.088243
32 4095.198625
32 4191.279577
32 4285.618539
32 4394.076245
32 4499.564194
32 4589.825376
32 4691.902380
32 4788.223777
32 4884.165921
32 4981.934985
32 5095.041360
32 5186.918340
32 5297.893365
32 5379.646801
32 5478.300947
32 5586.692423
32 5678.268165
32 5784.224538
32 5867.120559
32 5967.595108
33 116.228833
33 222.331519
33 327.228801
33 420.029325
33 539.933650
33 636.003309
33 741.366400
33 839.195418
33 933.655282
33 1029.228995
33 1132.213298
33 1219.910266
33 1302.183683
33 1425.165501
33 1534.178212
33 1632.684019
33 1711.479639
33 1832.963331
33 1942.839958
33 2027.120659
33 2119.309994
33 2251.964306
33 2353.339129
33 2456.179123
33 2530.709066
33 2643.636154
33 2742.058218
33 2855.333518
33 2944.185330
33 3042.390171
33 3147.854581
33 3256.239843
33 3356.936749
33 3424.572131
33 3552.406193
33 3624.602344
33 3755.941267
33 3864.012091
33 3957.789978
33 4077.330572
33 4166.051725
33 4281.008185
33 4360.486769
33 4464.724348
33 4574.724397
33 4670.006288
33 4767.594967
33 4883.069194
33 4982.953900
33 5072.261966
33 5148.237256
33 5255.180189
33 5381.207333
33 5476.451843
33 5569.685880
33 5704.388921
33 5786.965778
33 5938.613924
34 117.506157
34 237.324018
34 354.788913
34 419.752761
34 541.566689
34 679.682165
34 777.981623
34 879.240847
34 994.167292
34 1108.516068
34 1178.308283
34 1283.804187
34 1374.942572
34 1495.090427
34 1555.453556
34 1667.993834
34 1778.197889
34 1881.002450
34 1981.711728
34 2080.195853
34 2175.225504
34 2250.089229
34 2372.011191
34 2473.727136
34 2571.485885
34 2663.993711
34 2796.000338
34 2854.082906
34 2962.310602
34 3072.352446
34 3144.918583
34 3251.629666
34 3358.342378
34 3464.326675
34 3579.396067
34 3715.252337
34 3838.461665
34 3896.780591
34 4012.172735
34 4116.680188
34 4237.613150
34 4356.451111
34 4484.352739
34 4573.649147
34 4713.200520
34 4765.868318
34 4905.502881
34 5001.386033
34 5095.107155
34 5192.150288
34 5288.888676
34 5427.002888
34 5516.070524
34 5627.028444
34 5705.403614
34 5822.772674
34 5936.952907
35 90.426572
35 192.507729
35 293.985634
35 433.289793
35 506.794440
35 614.609129
35 720.721611
35 837.423871
35 934.599801
35 1029.725311
35 1127.496210
35 1258.565324
35 1328.994613
35 1424.755513
35 1554.786660
35 1661.181119
35 1778.762712
35 1880.714945
35 1955.408294
35 2062.986174
35 2175.561847
35 2286.401747
35 2390.743708
35 2508.351657
35 2612.856673
35 2738.036837
35 2829.143462
35 2958.099897
35 3041.447544
35 3144.603336
35 3254.256264
35 3361.741416
35 3467.567104
35 3585.121841
35 3680.797337
35 3777.137712
35 3895.450121
35 3983.878776
35 4113.195102
35 4221.122148
35 4359.715343
35 4444.008847
35 4542.545655
35 4689.397228
35 4766.113541
35 4857.160526
35 4952.497396
35 5072.730099
35 5189.173799
35 5286.736808
35 5364.761757
35 5452.110266
35 5573.994139
35 5678.464557
35 5803.336277
35 5901.926551
35 5983.139542
36 118.875618
36 222.757892
36 334.212504
36 419.423029
36 566.677072
36 679.612559
36 774.454574
36 863.464480
36 973.959143
36 1112.557908
36 1202.081511
36 1303.433500
36 1429.390626
36 1535.402205
36 1632.054087
36 1738.184365
36 1853.355473
36 1957.034487
36 2063.972023
36 2175.338115
36 2301.128047
36 2427.666271
36 2530.298104
36 2663.471674
36 2743.950486
36 2882.139643
36 2996.869690
36 3089.415039
36 3196.484644
36 3333.670758
36 3426.752483
36 3523.989691
36 3642.602198
36 3740.802844
36 3822.021150
36 3938.833890
36 4052.522962
36 4160.050745
36 4266.982356
36 4356.863379
36 4502.845257
36 4573.589363
36 4716.430680
36 4785.902365
36 4885.472172
36 4998.590452
36 5131.782339
36 5234.891523
36 5345.065450
36 5450.228308
36 5542.483628
36 5612.379299
36 5731.723784
36 5868.034601
36 5938.798060
37 118.478839
37 225.679497
37 321.241137
37 436.009733
37 571.638568
37 662.653840
37 780.400265
37 883.072845
37 977.268773
37 1106.575261
37 1205.408565
37 1323.628466
37 1432.095544
37 1535.516962
37 1631.130824
37 1739.093603
37 1852.711498
37 1955.919796
37 2065.549203
37 2177.869530
37 2300.703953
37 2390.974754
37 2530.020645
37 2643.980996
37 2774.479373
37 2877.095770
37 3016.208548
37 3116.656799
37 3255.364710
37 3363.491894
37 3443.704257
37 3527.363159
37 3624.373302
37 3739.684460
37 3863.828576
37 3986.998723
37 4079.759537
37 4190.952457
37 4265.631169
37 4393.693731
37 4484.276357
37 4591.322052
37 4712.202050
37 4818.553098
37 4906.405500
37 5032.758285
37 5130.092176
37 5236.956989
37 5343.647594
37 5452.948585
37 5569.271850
37 5675.058620
37 5819.914404
37 5899.988109
38 92.430870
38 200.729569
38 292.011759
38 432.981581
38 540.652610
38 664.973855
38 777.515056
38 882.767665
38 981.317571
38 1091.444793
38 1203.911494
38 1329.204655
38 1427.705384
38 1533.599983
38 1631.908647
38 1695.293142
38 1812.493847
38 1942.371142
38 2031.237368
38 2119.124931
38 2249.884257
38 2351.723868
38 2425.856075
38 2549.284741
38 2688.005782
38 2791.776445
38 2902.784936
38 3016.494504
38 3116.708067
38 3249.356581
38 3360.150333
38 3464.670173
38 3579.120840
38 3676.651357
38 3756.026757
38 3863.562675
38 3986.400754
38 4054.625100
38 4162.639997
38 4283.735610
38 4396.156044
38 4468.228498
38 4592.418464
38 4733.454011
38 4803.403449
38 4948.534601
38 5072.923811
38 5187.958245
38 5290.533272
38 5426.608064
38 5514.013535
38 5643.882640
38 5735.175388
38 5867.774533
38 5969.587885
39 89.328700
39 219.850777
39 322.589677
39 432.439882
39 539.120688
39 633.195746
39 739.279360
39 883.053377
39 973.270540
39 1092.410476
39 1205.942988
39 1302.762237
39 1405.107369
39 1533.024490
39 1614.489293
39 1740.086397
39 1854.700360
39 1941.328492
39 2080.866024
39 2193.224845
39 2327.608207
39 2458.893189
39 2530.211469
39 2644.139291
39 2775.235476
39 2855.185026
39 2975.478693
39 3113.639982
39 3216.880271
39 3359.713764
39 3467.315407
39 3580.414018
39 3696.391877
39 3781.294772
39 3896.605983
39 4031.766989
39 4136.713940
39 4268.982554
39 4374.342383
39 4500.742443
39 4592.230981
39 4733.309278
39 4844.654497
39 4953.749695
39 5069.909831
39 5186.324488
39 5297.899323
39 5425.127657
39 5516.925355
39 5644.561426
39 5735.021587
39 5823.542924
39 5937.951458
40 117.141053
40 222.722956
40 327.137697
40 418.063234
40 569.174676
40 678.456224
40 779.839420
40 884.216985
40 975.794652
40 1109.316083
40 1218.102447
40 1323.106090
40 1429.143889
40 1534.544313
40 1632.365941
40 1735.929972
40 1855.849010
40 1938.224222
40 2083.863431
40 2193.167261
40 2328.863756
40 2430.186776
40 2530.346814
40 2663.883062
40 2790.433563
40 2905.271932
40 3013.639550
40 3145.808966
40 3255.357167
40 3380.071090
40 3492.182766
40 3579.726766
40 3713.872429
40 3821.115452
40 3956.356442
40 4079.737134
40 4192.576002
40 4305.863046
40 4418.840578
40 4520.849308
40 4636.856016
40 4765.294417
40 4885.388161
40 5001.657755
40 5092.143938
40 5188.380548
40 5286.153549
40 5421.326303
40 5565.547918
40 5677.302208
40 5822.371226
40 5935.824858
41 115.333554
41 223.529710
41 352.549014
41 475.148791
41 593.189664
41 694.749045
41 837.426619
41 974.145042
41 1093.268179
41 1220.982254
41 1302.612441
41 1458.269054
41 1582.610762
41 1693.017941
41 1776.328286
41 1903.285485
41 2029.463576
41 2138.738628
41 2249.032237
41 2351.790346
41 2501.080658
41 2615.640250
41 2745.028054
41 2857.023132
41 2976.845182
41 3073.375677
41 3213.747842
41 3293.625148
41 3423.996956
41 3555.765331
41 3641.626566
41 3777.567797
41 3897.199183
41 4032.435452
41 4133.748520
41 4236.467535
41 4337.742560
41 4466.526654
41 4589.162286
41 4713.121954
41 4823.844669
41 4947.857582
41 5093.855441
41 5185.938464
41 5323.819285
41 5424.209087
41 5571.515316
41 5679.235322
41 5784.192766
41 5936.522201
42 116.977935
42 239.904838
42 352.193802
42 476.695905
42 569.501114
42 693.956600
42 805.823048
42 933.843441
42 1058.268877
42 1177.711971
42 1285.445598
42 1406.204937
42 1495.537298
42 1631.252759
42 1739.545444
42 1858.202271
42 2001.741800
42 2122.262262
42 2212.452682
42 2332.643259
42 2427.921787
42 2550.222420
42 2639.462426
42 2759.202320
42 2878.025716
42 3043.057713
42 3144.479359
42 3259.316051
42 3379.266594
42 3555.864902
42 3677.246038
42 3777.451787
42 3917.161900
42 4031.094211
42 4164.700477
42 4266.756648
42 4396.599796
42 4545.531976
42 4652.725480
42 4736.538450
42 4885.653226
42 4984.929871
42 5092.488966
42 5190.362693
42 5342.753811
42 5450.940767
42 5568.537706
42 5705.583288
42 5822.417631
42 5985.228548
43 118.062144
43 257.686180
43 383.208690
43 507.545564
43 614.574843
43 739.793122
43 838.684795
43 976.808792
43 1092.721794
43 1175.833622
43 1302.798289
43 1404.511586
43 1556.479620
43 1693.678379
43 1809.418767
43 1939.941375
43 2065.757407
43 2175.179648
43 2301.515284
43 2428.726413
43 2527.797165
43 2688.301594
43 2791.937758
43 2904.606215
43 3013.668215
43 3116.660805
43 3253.608925
43 3378.565163
43 3529.774351
43 3621.372287
43 3797.967967
43 3940.493282
43 4080.449887
43 4163.062547
43 4309.106054
43 4420.084706
43 4523.422898
43 4636.809249
43 4772.085356
43 4906.546240
43 5049.363531
43 5148.480101
43 5291.396951
43 5421.930826
43 5540.462134
43 5645.709559
43 5785.533110
43 5915.245857
44 119.219862
44 223.673822
44 352.117736
44 474.910300
44 614.031532
44 722.142671
44 839.706883
44 976.886605
44 1129.235621
44 1258.071014
44 1377.003766
44 1493.554698
44 1628.923029
44 1760.713355
44 1902.962679
44 2000.077360
44 2142.684971
44 2250.393252
44 2394.500824
44 2500.968342
44 2645.126649
44 2760.903140
44 2902.748417
44 3044.518818
44 3149.398009
44 3247.803263
44 3377.958451
44 3490.604137
44 3627.338547
44 3740.575914
44 3839.429567
44 3983.037021
44 4117.477979
44 4222.953308
44 4357.861667
44 4464.296810
44 4588.328825
44 4736.916681
44 4905.062420
44 4983.102391
44 5131.229602
44 5235.915668
44 5362.773833
44 5514.707097
44 5627.192446
44 5804.445540
44 5896.673414
45 118.545459
45 238.394403
45 378.449742
45 510.088163
45 677.156297
45 808.287260
45 934.146287
45 1056.404138
45 1178.662480
45 1327.826657
45 1460.546799
45 1582.048315
45 1696.019390
45 1833.138533
45 1935.190180
45 2064.446307
45 2196.514652
45 2300.198579
45 2428.250547
45 2569.631628
45 2689.210440
45 2833.260067
45 2958.172769
45 3069.065632
45 3212.934179
45 3364.320962
45 3488.672531
45 3643.204665
45 3798.718325
45 3935.099813
45 4031.231317
45 4162.949488
45 4268.592207
45 4422.359038
45 4498.704516
45 4671.652013
45 4765.177026
45 4843.434417
45 5001.925185
45 5127.886304
45 5237.503915
45 5378.022349
45 5515.165259
45 5613.784724
45 5758.028370
45 5899.804759
46 118.160861
46 260.140393
46 400.337232
46 539.055168
46 659.226964
46 810.586680
46 934.688583
46 1056.482496
46 1203.127541
46 1326.421825
46 1430.845840
46 1557.036884
46 1693.895029
46 1834.017144
46 1936.361141
46 2066.597418
46 2193.814216
46 2357.350352
46 2473.747997
46 2596.901231
46 2716.670101
46 2831.602240
46 2979.908161
46 3089.582412
46 3249.418003
46 3358.191807
46 3523.735874
46 3639.281178
46 3778.208035
46 3895.927449
46 4032.851359
46 4133.749457
46 4285.642835
46 4420.447071
46 4502.340322
46 4654.039065
46 4803.765173
46 4949.699586
46 5092.667941
46 5209.323826
46 5376.773068
46 5496.664842
46 5627.188953
46 5759.769129
46 5867.714646
46 5988.277146
47 156.045024
47 258.262359
47 418.456140
47 568.882444
47 698.357035
47 883.912106
47 1027.360889
47 1158.103410
47 1303.887101
47 1423.431821
47 1557.760261
47 1694.811091
47 1806.888895
47 1938.706243
47 2102.307730
47 2213.430514
47 2355.475407
47 2502.453634
47 2645.411118
47 2795.595337
47 2904.882159
47 3072.571052
47 3214.508310
47 3362.843962
47 3487.827481
47 3642.277355
47 3798.153764
47 3938.239877
47 4080.161582
47 4162.572963
47 4310.917023
47 4469.222693
47 4587.909199
47 4739.887056
47 4887.999379
47 4980.159893
47 5125.590157
47 5254.686736
47 5380.438529
47 5515.615547
47 5610.952973
47 5783.242875
47 5897.908235
48 137.282770
48 295.981162
48 436.152906
48 537.946282
48 680.014742
48 805.849885
48 972.792685
48 1111.440835
48 1221.313836
48 1353.368809
48 1494.065448
48 1654.902858
48 1777.879878
48 1939.565625
48 2064.885118
48 2177.206904
48 2327.086264
48 2458.051073
48 2614.025390
48 2759.276285
48 2904.534964
48 3043.317974
48 3175.901708
48 3330.415518
48 3423.494511
48 3624.629676
48 3738.104405
48 3897.336074
48 4028.603608
48 4164.810091
48 4308.947820
48 4443.595848
48 4589.593192
48 4714.575668
48 4841.766091
48 4983.156925
48 5128.014092
48 5256.320775
48 5380.409422
48 5516.060324
48 5612.245060
48 5781.211405
48 5939.591796
49 138.945930
49 291.006382
49 417.564372
49 572.604121
49 692.015708
49 843.081562
49 976.081029
49 1129.109058
49 1285.249560
49 1426.971336
49 1555.326982
49 1694.953354
49 1854.406383
49 1959.969062
49 2120.098426
49 2228.355947
49 2389.424642
49 2531.382967
49 2686.472097
49 2832.438343
49 2975.881309
49 3113.590489
49 3232.643732
49 3358.826006
49 3525.349762
49 3642.158823
49 3778.711079
49 3940.544426
49 4078.527431
49 4221.206066
49 4358.589757
49 4500.171354
49 4669.317955
49 4763.144579
49 4953.972180
49 5089.453320
49 5234.097230
49 5377.416563
49 5519.851289
49 5679.013073
49 5826.341584
49 5985.874670
50 114.077139
50 296.044532
50 434.849780
50 593.369189
50 741.342668
50 882.447082
50 1028.164508
50 1204.786327
50 1377.605259
50 1491.565649
50 1631.975911
50 1778.725015
50 1942.629230
50 2067.009394
50 2193.341443
50 2369.095015
50 2528.008920
50 2612.490166
50 2792.379170
50 2944.343771
50 3072.665752
50 3212.819702
50 3357.432020
50 3489.760442
50 3638.962188
50 3778.792099
50 3896.745632
50 4051.926450
50 4190.730183
50 4339.637302
50 4464.744823
50 4614.388806
50 4763.025615
50 4905.183851
50 5093.536785
50 5207.727463
50 5377.967117
50 5495.498620
50 5627.598031
50 5804.365142
50 5937.579687
51 136.455122
51 293.849696
51 419.901513
51 537.827068
51 691.780044
51 836.861391
51 974.203380
51 1130.749669
51 1287.705292
51 1426.451881
51 1583.912067
51 1738.094465
51 1879.948610
51 2063.713492
51 2212.951705
51 2354.450943
51 2530.164086
51 2686.823974
51 2829.712122
51 2961.876677
51 3114.626724
51 3253.488617
51 3444.240280
51 3578.629489
51 3756.229004
51 3866.744545
51 4032.133778
51 4160.545720
51 4357.935594
51 4519.700853
51 4653.278205
51 4839.734261
51 4982.908440
51 5149.283087
51 5324.103684
51 5450.948847
51 5610.933733
51 5760.921453
51 5899.792316
52 153.128686
52 320.654908
52 472.484852
52 612.128073
52 777.261887
52 952.057500
52 1109.781281
52 1259.016234
52 1457.822902
52 1582.656748
52 1741.688916
52 1935.940600
52 2081.750626
52 2252.046508
52 2388.252443
52 2568.137091
52 2740.760946
52 2904.602643
52 3041.847366
52 3214.283301
52 3359.011513
52 3510.028629
52 3675.617475
52 3863.393080
52 3987.391826
52 4193.048693
52 4307.407690
52 4499.650903
52 4636.345362
52 4785.433026
52 4954.483442
52 5091.482942
52 5253.628939
52 5423.517801
52 5565.453455
52 5735.274732
52 5940.607521
53 136.807165
53 332.669473
53 504.931117
53 692.089690
53 811.268017
53 953.972439
53 1091.757170
53 1286.703553
53 1429.208272
53 1615.925498
53 1776.789022
53 1902.594517
53 2064.070732
53 2194.578744
53 2328.247122
53 2476.924576
53 2611.527099
53 2793.433471
53 2944.214347
53 3071.362340
53 3251.119856
53 3406.512667
53 3578.391833
53 3713.777412
53 3897.359486
53 4027.615869
53 4192.942901
53 4354.511159
53 4519.460204
53 4710.394394
53 4839.286279
53 5005.173849
53 5149.210929
53 5321.819037
53 5477.313296
53 5643.967415
53 5783.118708
53 5934.916237
54 174.265540
54 380.889499
54 505.047674
54 695.192092
54 862.468741
54 1059.408243
54 1239.400202
54 1372.692048
54 1535.091046
54 1692.826884
54 1939.371864
54 2080.979941
54 2230.979444
54 2352.621496
54 2551.846099
54 2718.610884
54 2878.978870
54 3014.279671
54 3172.749070
54 3331.514887
54 3491.046471
54 3642.715456
54 3821.223099
54 3962.630897
54 4136.162149
54 4283.356403
54 4443.796209
54 4635.245273
54 4765.353126
54 4950.034156
54 5092.603744
54 5287.470581
54 5452.162462
54 5628.763518
54 5785.397368
54 5898.027580
55 153.335101
55 314.705551
55 472.816675
55 676.517222
55 861.532648
55 1031.553445
55 1175.016127
55 1326.530206
55 1560.923655
55 1737.999529
55 1900.974933
55 2081.077470
55 2286.874058
55 2458.101447
55 2598.738487
55 2795.379028
55 2958.999002
55 3146.123260
55 3332.199431
55 3489.971953
55 3640.613175
55 3799.463398
55 3984.191223
55 4164.513534
55 4358.815410
55 4520.662470
55 4710.976573
55 4883.086536
55 5090.733918
55 5258.011036
55 5423.574387
55 5586.782082
55 5758.279182
55 5936.456167
56 173.279332
56 348.921060
56 539.189428
56 692.415916
56 862.880011
56 1077.479760
56 1288.184281
56 1406.359573
56 1585.708440
56 1738.537480
56 1905.091250
56 2083.504594
56 2252.783443
56 2477.029972
56 2667.908477
56 2856.607194
56 3036.339476
56 3212.749001
56 3445.985078
56 3643.170822
56 3819.788048
56 3986.158286
56 4195.946301
56 4396.302634
56 4543.170817
56 4712.332100
56 4923.826026
56 5072.932364
56 5255.590828
56 5420.358558
56 5612.229770
56 5821.802424
56 5983.902547
57 199.262056
57 419.514281
57 572.203058
57 779.053134
57 975.419550
57 1133.379176
57 1326.473667
57 1534.490247
57 1694.954615
57 1902.416517
57 2118.640557
57 2299.485796
57 2500.701465
57 2687.835286
57 2879.049221
57 3073.031381
57 3249.764483
57 3424.452040
57 3604.746747
57 3800.716979
57 4001.893768
57 4164.422683
57 4375.868494
57 4522.526450
57 4693.225024
57 4840.240951
57 5073.820187
57 5289.178020
57 5476.842632
57 5706.086302
57 5898.955540
58 202.015662
58 376.954265
58 593.500997
58 807.151959
58 973.403376
58 1234.323349
58 1430.343453
58 1632.598028
58 1836.100780
58 2030.320692
58 2251.208654
58 2429.443037
58 2664.096884
58 2830.592437
58 3072.258060
58 3276.046554
58 3488.221955
58 3712.841971
58 3896.358123
58 4076.828574
58 4267.247018
58 4468.576848
58 4635.235313
58 4819.926400
58 5003.018201
58 5188.881008
58 5378.335511
58 5572.892560
58 5734.784305
58 5984.112474
59 208.627067
59 402.253426
59 611.530580
59 780.745695
59 977.997359
59 1201.824528
59 1404.402062
59 1586.902859
59 1780.938672
59 1958.620361
59 2176.466733
59 2302.199507
59 2501.950116
59 2685.369437
59 2877.921465
59 3114.338173
59 3292.565838
59 3525.245932
59 3740.893003
59 3939.565209
59 4115.162338
59 4338.552326
59 4521.977858
59 4735.533316
59 4955.973200
59 5147.763795
59 5380.480037
59 5566.152864
59 5759.467761
59 5937.661012
60 256.379906
60 508.213227
60 741.684968
60 972.322780
60 1238.605157
60 1428.683442
60 1632.261328
60 1836.164191
60 2079.682078
60 2249.766781
60 2460.159284
60 2647.590408
60 2905.515121
60 3117.663221
60 3332.257444
60 3522.471739
60 3758.159054
60 3940.329472
60 4168.843633
60 4359.579881
60 4572.533073
60 4767.672538
60 5000.465358
60 5237.639418
60 5479.870139
60 5628.660660
60 5867.456146
61 237.676649
61 473.778367
61 695.084522
61 935.734252
61 1131.958541
61 1375.529857
61 1581.434664
61 1833.113379
61 2030.598514
61 2249.770419
61 2549.132838
61 2792.126700
61 3043.341261
61 3215.245357
61 3466.399868
61 3713.190363
61 3899.085326
61 4117.317942
61 4338.909931
61 4573.497598
61 4732.053772
61 4953.632008
61 5186.657765
61 5397.698642
61 5612.194046
61 5867.865295
62 224.717930
62 436.289856
62 697.460203
62 934.279535
62 1178.178171
62 1478.603374
62 1658.403496
62 1881.578812
62 2193.043961
62 2389.572462
62 2643.815539
62 2902.494761
62 3148.111869
62 3407.290436
62 3642.659082
62 3897.574838
62 4115.143662
62 4309.723793
62 4519.214894
62 4769.547868
62 4983.723385
62 5256.880316
62 5497.321889
62 5759.929659
63 239.181917
63 473.809508
63 738.952322
63 973.722329
63 1203.800429
63 1494.570576
63 1761.032613
63 2028.295643
63 2304.439446
63 2550.272574
63 2793.471690
63 2992.839681
63 3233.311450
63 3525.092781
63 3714.605490
63 3984.586048
63 4267.887491
63 4521.259754
63 4799.389077
63 5033.711062
63 5288.299534
63 5563.600625
63 5822.817068
64 203.011963
64 473.020378
64 777.274393
64 1057.384544
64 1355.821324
64 1617.354229
64 1938.175715
64 2194.836474
64 2426.311339
64 2684.717835
64 2979.244385
64 3332.509021
64 3607.484774
64 3863.888388
64 4164.383547
64 4467.461155
64 4710.554029
64 4984.620320
64 5283.701939
64 5540.068982
64 5807.344482
65 296.319529
65 590.991402
65 915.839631
65 1203.666974
65 1554.232639
65 1936.895373
65 2191.919565
65 2501.249847
65 2792.707954
65 3147.192328
65 3488.322477
65 3798.339202
65 4114.950807
65 4444.004409
65 4653.229136
65 5033.518826
65 5343.810479
65 5611.272680
65 5986.587043
66 290.725906
66 635.982840
66 935.073784
66 1301.635023
66 1617.087912
66 1956.938885
66 2248.635816
66 2616.043894
66 2921.148064
66 3215.620959
66 3527.404164
66 3838.448020
66 4161.593393
66 4523.264663
66 4842.582377
66 5168.690787
66 5478.083104
66 5821.728134
