1 107.362665
1 252.024644
1 433.900458
1 530.609243
1 679.370487
1 839.224084
1 1035.403860
1 1198.166683
1 1322.873356
1 1467.540461
1 1594.079048
1 1802.877737
1 1943.117797
1 2077.230110
1 2185.294601
1 2269.556721
1 2428.780189
1 2520.987196
1 2685.541845
1 2777.357225
1 2894.101961
1 3078.654167
1 3285.851459
1 3388.528580
1 3537.629052
1 3695.517445
1 3814.999135
1 3949.984271
1 4112.644710
1 4321.837519
1 4434.405792
1 4576.031011
1 4746.735889
1 4891.112896
1 5073.907160
1 5285.384091
1 5483.822233
1 5670.782111
1 5843.826978
1 5963.504163
2 45.646430
2 176.293794
2 370.530530
2 502.411837
2 569.261530
2 731.738573
2 826.005132
2 938.573338
2 1083.792677
2 1159.012488
2 1303.852057
2 1430.626057
2 1626.103634
2 1776.239688
2 1915.853187
2 2038.824087
2 2202.846733
2 2358.684277
2 2520.063148
2 2655.177597
2 2818.911758
2 2985.642504
2 3134.051359
2 3242.049122
2 3318.907071
2 3497.976250
2 3570.550105
2 3738.250058
2 3774.175566
2 3896.276488
2 4042.660775
2 4148.958109
2 4291.037783
2 4482.959357
2 4669.040894
2 4797.511179
2 4890.648379
2 5001.239889
2 5102.753654
2 5168.847711
2 5260.882314
2 5374.041863
2 5560.232188
2 5633.705590
2 5775.235718
2 5950.009099
3 97.962941
3 253.410148
3 367.530539
3 507.479711
3 667.591573
3 777.156376
3 893.719223
3 1057.420434
3 1258.871109
3 1377.476056
3 1519.766961
3 1656.779924
3 1760.679214
3 1876.220936
3 1991.420647
3 2163.099702
3 2321.154965
3 2469.410890
3 2586.968034
3 2700.208557
3 2810.446015
3 2960.277394
3 3126.176968
3 3203.167714
3 3288.782795
3 3450.232260
3 3625.540512
3 3717.447290
3 3807.494493
3 3951.208043
3 4072.107664
3 4165.119290
3 4239.499251
3 4406.727291
3 4551.266127
3 4713.862500
3 4836.607061
3 5011.759002
3 5104.302335
3 5167.667128
3 5303.216905
3 5449.060214
3 5504.561461
3 5611.767379
3 5791.829294
3 5931.990581
4 61.056143
4 219.312371
4 296.231788
4 433.538145
4 493.251399
4 608.958632
4 712.169963
4 816.303533
4 923.530467
4 1084.917248
4 1243.500229
4 1364.517739
4 1506.327119
4 1698.811447
4 1875.679878
4 2075.468530
4 2236.651958
4 2400.466964
4 2481.050809
4 2601.349359
4 2812.810991
4 3002.806584
4 3127.252305
4 3251.861496
4 3355.810004
4 3472.682498
4 3625.321742
4 3778.031763
4 3959.013536
4 4081.496143
4 4183.139843
4 4288.848832
4 4412.733089
4 4601.874142
4 4787.838151
4 4903.749381
4 5077.963922
4 5131.863881
4 5264.642840
4 5406.164219
4 5561.262484
4 5641.553294
4 5741.078634
4 5906.550410
5 176.887517
5 280.018855
5 378.572507
5 507.080249
5 601.775609
5 755.004007
5 893.800149
5 1051.993145
5 1172.487333
5 1321.964959
5 1513.086147
5 1528.206032
5 1636.909038
5 1776.143639
5 1985.278251
5 2101.700820
5 2295.486605
5 2382.305783
5 2555.750729
5 2655.201143
5 2797.018452
5 2877.075680
5 3060.048515
5 3221.383956
5 3309.574857
5 3474.738571
5 3557.802345
5 3604.510923
5 3796.858841
5 4049.532966
5 4193.350662
5 4388.708244
5 4480.341095
5 4637.264544
5 4763.582838
5 4956.068559
5 5161.936303
5 5280.564638
5 5401.487880
5 5461.740656
5 5612.192581
5 5681.639793
5 5878.639748
6 61.885266
6 108.418596
6 205.064143
6 294.582951
6 408.664904
6 583.367185
6 668.356335
6 794.547223
6 1014.947365
6 1171.089959
6 1322.803504
6 1502.726882
6 1639.007389
6 1837.726150
6 2003.722616
6 2165.251593
6 2278.852826
6 2447.740247
6 2584.578006
6 2882.525794
6 3037.685534
6 3124.385175
6 3287.108783
6 3387.561521
6 3553.169625
6 3670.563402
6 3787.557720
6 3934.414624
6 3981.921636
6 4208.003235
6 4379.491057
6 4532.317259
6 4678.027455
6 4879.542651
6 5028.175854
6 5183.997502
6 5329.869968
6 5470.689613
6 5612.356924
6 5745.896092
6 5848.468188
6 5957.999052
7 181.276723
7 313.307996
7 460.676006
7 585.349445
7 675.556771
7 838.599255
7 1030.777052
7 1239.554939
7 1425.608868
7 1545.371751
7 1697.277416
7 1813.929831
7 1951.510037
7 2072.387561
7 2212.371769
7 2406.064134
7 2565.081271
7 2716.666906
7 2812.401301
7 2896.662443
7 3013.684883
7 3160.018806
7 3390.233058
7 3539.419966
7 3627.049171
7 3731.796916
7 3962.581263
7 4023.866080
7 4194.089381
7 4328.300989
7 4471.179731
7 4606.973863
7 4675.614084
7 4753.517441
7 4886.180537
7 5095.289941
7 5206.582566
7 5391.685128
7 5464.109378
7 5597.678381
7 5681.819873
7 5842.775084
7 5947.529145
8 144.920184
8 311.703322
8 414.720794
8 552.678246
8 747.780880
8 795.762677
8 966.350144
8 997.224550
8 1116.937007
8 1255.552717
8 1367.562441
8 1521.718804
8 1647.777647
8 1806.877528
8 1890.657229
8 2036.308004
8 2143.037434
8 2256.887180
8 2358.506897
8 2503.965629
8 2661.737412
8 2809.381650
8 2926.704927
8 3116.734817
8 3161.699283
8 3334.057352
8 3493.870756
8 3625.856040
8 3750.045678
8 3903.627069
8 4031.372713
8 4157.413372
8 4340.984805
8 4504.605557
8 4636.582310
8 4766.452895
8 4909.651323
8 5026.620411
8 5160.689900
8 5263.211885
8 5395.681180
8 5498.928166
8 5640.511234
8 5812.346941
8 5880.162813
9 164.955718
9 395.955034
9 557.691745
9 705.543227
9 870.252453
9 1042.381026
9 1162.947162
9 1324.974295
9 1430.847437
9 1447.196592
9 1594.788413
9 1697.166092
9 1812.368427
9 1930.733826
9 2077.205934
9 2194.003800
9 2338.384647
9 2389.109986
9 2612.381247
9 2778.248377
9 2985.028995
9 3124.879229
9 3267.356533
9 3350.469711
9 3515.644642
9 3659.283399
9 3768.348683
9 3936.131850
9 4002.407472
9 4146.489299
9 4316.398660
9 4503.308357
9 4650.272743
9 4831.911897
9 4952.433007
9 5133.513795
9 5338.545379
9 5373.510128
9 5594.077110
9 5749.025623
9 5953.345006
10 125.448128
10 326.295187
10 430.703075
10 628.930123
10 725.545025
10 817.930819
10 1038.020744
10 1157.087596
10 1224.496080
10 1420.899228
10 1632.035459
10 1813.383522
10 1993.177509
10 2162.943201
10 2258.723785
10 2339.915491
10 2425.120459
10 2539.084835
10 2719.332251
10 2902.089417
10 3126.633287
10 3243.362964
10 3383.125040
10 3522.116606
10 3762.915227
10 3919.001417
10 4100.604364
10 4239.475137
10 4362.689449
10 4481.030185
10 4551.842703
10 4638.175332
10 4895.838379
10 5071.593129
10 5142.418742
10 5373.622570
10 5477.727445
10 5586.229500
10 5664.971441
10 5773.533909
10 5883.440898
11 147.763739
11 213.506450
11 312.671905
11 411.488405
11 507.568884
11 689.363208
11 923.783114
11 1077.611832
11 1220.073966
11 1355.010411
11 1580.708305
11 1759.458268
11 1875.215285
11 2057.630253
11 2214.110443
11 2380.910975
11 2503.242755
11 2732.747281
11 2862.889200
11 3010.707718
11 3175.712439
11 3242.188552
11 3307.032634
11 3421.430810
11 3546.721242
11 3750.282252
11 3962.386754
11 3976.698751
11 4190.348700
11 4345.504122
11 4482.652629
11 4664.584516
11 4800.022105
11 4936.634064
11 5081.000231
11 5150.798758
11 5227.680376
11 5336.827228
11 5535.042194
11 5713.984147
11 5830.314449
12 219.069172
12 444.005870
12 661.600935
12 744.257418
12 871.777505
12 1134.479325
12 1285.560812
12 1387.166782
12 1577.974902
12 1776.198054
12 1949.436955
12 2125.196007
12 2193.260307
12 2386.972281
12 2540.567031
12 2635.043922
12 2863.128928
12 2987.369500
12 3203.710693
12 3409.379100
12 3655.529612
12 3805.407879
12 3964.729720
12 4151.675996
12 4330.327286
12 4568.441391
12 4748.531759
12 4892.365093
12 4999.459887
12 5202.053771
12 5373.370057
12 5533.547770
12 5749.793641
12 5876.962581
13 146.444484
13 293.967924
13 434.542945
13 626.611270
13 729.273211
13 965.131437
13 1172.197954
13 1323.097574
13 1503.384956
13 1699.287115
13 1948.918922
13 2098.441040
13 2210.211329
13 2338.355158
13 2448.415194
13 2587.940320
13 2702.165801
13 2920.894947
13 3116.565958
13 3245.929041
13 3429.251865
13 3567.434779
13 3800.380007
13 3875.899078
13 4046.545514
13 4211.030691
13 4285.060767
13 4424.356842
13 4636.333922
13 4764.738845
13 4859.922918
13 5051.398700
13 5226.679064
13 5345.065730
13 5567.380392
13 5726.745157
13 5900.296854
14 110.072119
14 236.985212
14 310.201183
14 463.721924
14 572.303318
14 705.914510
14 795.581931
14 987.564325
14 1122.469115
14 1359.685823
14 1577.527741
14 1731.671436
14 1834.021106
14 1961.223891
14 2143.535816
14 2361.352643
14 2565.423706
14 2725.617485
14 2848.513059
14 3038.425534
14 3145.155332
14 3317.444757
14 3496.355108
14 3613.114764
14 3809.878946
14 3991.985018
14 4170.960269
14 4328.197518
14 4533.614202
14 4734.122378
14 4907.345402
14 5068.462777
14 5163.490870
14 5353.723134
14 5517.252673
14 5650.288027
14 5818.146179
14 5899.078447
15 218.567149
15 435.748761
15 597.640071
15 821.506221
15 967.455591
15 1047.927882
15 1287.109296
15 1404.730690
15 1628.081782
15 1817.613015
15 1910.861193
15 2058.234473
15 2193.497819
15 2336.348637
15 2478.418951
15 2637.916578
15 2812.384561
15 3013.090110
15 3146.362856
15 3283.900303
15 3387.550543
15 3534.748855
15 3694.117849
15 3878.339310
15 4102.017491
15 4284.815779
15 4437.968415
15 4499.395113
15 4665.840612
15 4890.225259
15 5061.117719
15 5160.341798
15 5264.002089
15 5447.334436
15 5611.302949
15 5752.505023
15 5912.417021
16 127.297613
16 314.438185
16 485.301857
16 640.260558
16 870.627953
16 1004.527861
16 1199.486188
16 1315.207001
16 1469.414573
16 1615.518820
16 1789.471939
16 1929.308087
16 2133.135925
16 2286.702090
16 2427.111189
16 2664.956011
16 2893.738764
16 3052.427142
16 3204.966524
16 3285.182039
16 3492.115786
16 3569.903392
16 3718.318988
16 3934.663164
16 4060.979628
16 4194.849395
16 4405.239955
16 4508.123826
16 4673.289585
16 4730.485656
16 4916.531425
16 5074.500129
16 5256.794023
16 5390.590811
16 5560.073108
16 5620.742036
16 5748.859697
16 5926.532056
17 186.681507
17 277.069352
17 439.395853
17 598.680469
17 764.542848
17 889.811331
17 1077.481131
17 1203.142133
17 1372.743669
17 1597.236526
17 1833.746877
17 1988.328581
17 2077.856460
17 2199.236592
17 2327.395696
17 2478.498343
17 2566.753283
17 2748.419262
17 2949.255173
17 3196.430031
17 3287.045181
17 3567.844105
17 3670.005177
17 3783.978862
17 3883.802323
17 4024.259133
17 4093.067989
17 4344.753189
17 4482.886222
17 4694.933601
17 4850.263175
17 5027.101596
17 5134.497964
17 5277.762084
17 5473.896453
17 5606.043542
17 5682.709672
17 5824.011511
18 64.114278
18 252.614133
18 459.589553
18 607.275236
18 796.997682
18 964.668260
18 1126.396873
18 1285.450491
18 1581.062340
18 1760.280457
18 1914.073305
18 2078.468652
18 2253.979417
18 2398.266710
18 2540.313125
18 2776.479179
18 2925.272847
18 3120.164581
18 3351.217771
18 3626.335205
18 3863.811891
18 4068.283925
18 4150.384668
18 4339.276047
18 4479.095374
18 4524.274507
18 4705.807305
18 4897.077792
18 5028.844822
18 5199.035847
18 5392.758457
18 5586.589443
18 5748.198073
18 5967.017613
19 195.115035
19 406.897782
19 475.295247
19 654.432178
19 765.624856
19 960.807265
19 1146.375420
19 1377.897906
19 1487.028836
19 1660.344843
19 1832.444905
19 1936.221094
19 2118.645202
19 2269.682946
19 2565.165497
19 2809.143843
19 3012.114974
19 3201.010839
19 3382.844352
19 3577.907762
19 3714.908454
19 3844.458400
19 4054.794350
19 4268.380010
19 4435.932593
19 4638.303322
19 4817.347345
19 4976.119516
19 5137.092289
19 5257.760411
19 5418.919901
19 5585.672706
19 5725.919167
19 5956.396889
20 168.723141
20 353.827464
20 553.978967
20 684.041776
20 892.392394
20 1056.693134
20 1259.800879
20 1377.946476
20 1547.884883
20 1700.745885
20 1890.744751
20 2012.697925
20 2240.909387
20 2390.750763
20 2566.054825
20 2680.641834
20 2944.113150
20 3104.045001
20 3258.575876
20 3489.059333
20 3597.832982
20 3862.427837
20 3960.139301
20 4113.267432
20 4352.380399
20 4435.142177
20 4639.044656
20 4781.945845
20 4979.666520
20 5250.703747
20 5488.126478
20 5681.333782
20 5846.843972
20 5989.412909
21 121.153810
21 318.660299
21 488.794865
21 637.852572
21 845.625217
21 967.345143
21 1077.936183
21 1258.526320
21 1449.745837
21 1664.213045
21 1857.635528
21 2037.318024
21 2188.804959
21 2311.186236
21 2475.836574
21 2725.508556
21 2777.012142
21 2922.786380
21 2987.584017
21 3133.591158
21 3316.293510
21 3536.091658
21 3758.157060
21 3936.841102
21 4096.909827
21 4319.225867
21 4522.946115
21 4681.089602
21 5027.804399
21 5251.608029
21 5535.750263
21 5595.293838
21 5692.561371
21 5822.637417
22 199.711176
22 332.071985
22 504.331557
22 667.941682
22 833.569911
22 1078.112912
22 1289.650316
22 1467.680050
22 1695.015469
22 1876.160337
22 2026.289194
22 2145.304532
22 2289.422926
22 2447.582963
22 2692.983049
22 2889.386702
22 3063.958686
22 3243.186273
22 3468.722932
22 3643.245812
22 3754.741766
22 3896.460490
22 4129.574486
22 4328.591775
22 4377.972017
22 4529.934363
22 4729.603337
22 4827.534113
22 5084.389458
22 5302.067921
22 5559.505664
22 5791.822383
23 195.621471
23 455.830155
23 597.076788
23 817.042150
23 984.658274
23 1162.691032
23 1347.826870
23 1595.405788
23 1732.684045
23 1893.236145
23 2056.991749
23 2284.920904
23 2518.803121
23 2627.224317
23 2811.431392
23 2926.852142
23 3186.205629
23 3417.700086
23 3604.917161
23 3822.272659
23 3898.285551
23 4096.871836
23 4301.559030
23 4485.848416
23 4635.263949
23 4800.997310
23 4953.970131
23 5134.805671
23 5351.145754
23 5488.079837
23 5746.306153
23 5990.060552
24 118.017594
24 253.610755
24 415.272339
24 678.427138
24 870.811065
24 1078.901407
24 1288.417286
24 1596.021179
24 1851.656848
24 2037.574563
24 2195.446259
24 2451.919308
24 2660.885624
24 2821.108399
24 3002.180887
24 3161.805945
24 3262.299484
24 3549.055393
24 3691.193589
24 3917.914641
24 4025.729956
24 4241.170430
24 4377.848350
24 4481.413548
24 4697.683070
24 4879.704410
24 5135.269728
24 5338.577900
24 5577.153757
24 5842.140990
25 257.458261
25 380.606477
25 478.857182
25 708.506013
25 930.183533
25 1126.253954
25 1447.374664
25 1699.012713
25 1865.865149
25 2011.060539
25 2132.498332
25 2395.452552
25 2600.890839
25 2720.934219
25 2898.872725
25 3159.391619
25 3387.914024
25 3549.991453
25 3714.445061
25 3875.803717
25 4150.230698
25 4291.036381
25 4506.807304
25 4636.315215
25 4734.314986
25 4931.285540
25 5132.031797
25 5300.737206
25 5439.314822
25 5632.010627
25 5829.904660
25 5953.643233
26 147.047026
26 345.148091
26 465.030647
26 679.906741
26 943.763769
26 1097.799697
26 1284.143271
26 1430.637502
26 1579.301552
26 1776.763901
26 2057.930536
26 2257.102908
26 2480.110282
26 2722.173124
26 2909.436655
26 3160.348986
26 3431.740985
26 3626.159102
26 3798.777435
26 3920.837310
26 4129.179576
26 4352.354610
26 4506.603541
26 4775.418113
26 4927.008912
26 5242.740782
26 5435.352069
26 5616.193231
26 5844.520957
27 315.726620
27 557.555777
27 871.967444
27 1028.584091
27 1341.659538
27 1502.618851
27 1701.211017
27 2014.619300
27 2259.887358
27 2520.823942
27 2682.695359
27 2854.424643
27 3080.238684
27 3255.253235
27 3383.787604
27 3626.380521
27 3934.105297
27 4239.144062
27 4505.929621
27 4760.035075
27 4976.388805
27 5108.385845
27 5211.317896
27 5372.370750
27 5458.340043
27 5691.538462
27 5939.790820
28 178.548432
28 341.726677
28 515.583705
28 797.315123
28 964.075939
28 1140.291169
28 1324.745247
28 1545.719293
28 1765.960923
28 1932.307915
28 2228.518242
28 2319.873211
28 2564.587547
28 2777.644385
28 2946.813951
28 3115.343977
28 3323.943871
28 3459.954703
28 3617.741561
28 3805.883409
28 3917.816947
28 4170.433518
28 4351.725704
28 4643.393896
28 4846.394945
28 5076.128150
28 5241.987367
28 5432.698625
28 5617.937102
28 5774.673969
29 124.832961
29 297.517830
29 508.026316
29 749.218550
29 1000.418450
29 1197.662583
29 1431.919035
29 1596.344293
29 1878.867377
29 2039.417812
29 2217.876752
29 2463.022425
29 2731.457353
29 2887.818381
29 3019.678800
29 3031.547987
29 3355.590887
29 3592.142314
29 3839.071305
29 4026.173882
29 4290.455848
29 4576.073515
29 4931.834066
29 5094.860534
29 5324.745797
29 5505.800140
29 5646.269463
29 5878.407376
29 5987.618173
30 254.489896
30 392.268018
30 595.896677
30 859.972004
30 964.969208
30 1200.173014
30 1467.842780
30 1757.457535
30 1855.162929
30 2127.595513
30 2459.008259
30 2727.074977
30 2925.125238
30 3079.415591
30 3226.307407
30 3433.614515
30 3650.512718
30 3893.127345
30 4075.243743
30 4359.348357
30 4477.717188
30 4778.512517
30 4973.280992
30 5162.632818
30 5392.503780
30 5659.407070
30 5900.052744
31 143.515512
31 371.554340
31 595.815687
31 854.827732
31 1114.117321
31 1370.139570
31 1523.692466
31 1774.023671
31 1982.336312
31 2188.647011
31 2338.989936
31 2563.562244
31 2820.838287
31 3028.867328
31 3124.798401
31 3242.197172
31 3534.394003
31 3759.229094
31 4051.537411
31 4290.663982
31 4552.964031
31 4661.392681
31 4800.917488
31 5129.185174
31 5447.531952
31 5670.948137
31 5842.295693
32 276.531160
32 433.609031
32 707.646777
32 815.760045
32 1121.998028
32 1226.543841
32 1448.075185
32 1676.181507
32 1871.120286
32 2163.223285
32 2448.857265
32 2741.723072
32 3021.527559
32 3334.154370
32 3499.351587
32 3692.372216
32 3971.524518
32 4023.742767
32 4149.603518
32 4377.547094
32 4682.058651
32 4867.972139
32 5107.703527
32 5187.757590
32 5458.266175
32 5605.478641
32 5773.526610
33 349.631386
33 552.509169
33 830.520835
33 932.984058
33 1079.501674
33 1406.981242
33 1658.049497
33 1952.341705
33 2132.596562
33 2424.666486
33 2760.872512
33 3079.027856
33 3335.697243
33 3472.265863
33 3664.031570
33 3895.531266
33 4147.675288
33 4378.794308
33 4690.171845
33 4823.819335
33 5056.938326
33 5393.873994
33 5771.584977
34 205.063374
34 504.007656
34 705.077997
34 932.924730
34 1199.363963
34 1503.292050
34 1776.426960
34 2019.058157
34 2213.498194
34 2406.022226
34 2685.116364
34 3000.178755
34 3316.003828
34 3624.914521
34 3963.129750
34 4328.019824
34 4566.968545
34 4799.502687
34 5132.156892
34 5277.647842
34 5505.092798
34 5903.538367
35 226.395837
35 539.724515
35 685.679163
35 932.913974
35 1153.536879
35 1319.189368
35 1597.855781
35 1873.979381
35 2058.204446
35 2291.459249
35 2465.491728
35 2679.887291
35 2994.401193
35 3244.052968
35 3338.240817
35 3716.188927
35 4024.202765
35 4327.437115
35 4585.370826
35 4727.693733
35 4872.055558
35 4997.993657
35 5231.152882
35 5474.862866
35 5949.070086
36 312.134989
36 536.274248
36 854.112331
36 925.644032
36 1323.070437
36 1543.366003
36 1952.225889
36 2239.969593
36 2412.882221
36 2563.381056
36 2603.528937
36 2751.439762
36 3080.707572
36 3334.437415
36 3468.683998
36 3694.539714
36 4022.414118
36 4213.231672
36 4572.787228
36 4839.961807
36 5132.592204
36 5364.151809
36 5607.021974
36 5878.012871
37 215.085956
37 517.315785
37 982.295998
37 1159.847029
37 1352.881544
37 1662.428500
37 1943.849777
37 2282.135142
37 2540.494091
37 2836.581102
37 3047.757270
37 3332.723790
37 3569.628031
37 3864.173240
37 4239.909189
37 4598.364356
37 4925.915735
37 5225.950687
37 5432.342117
37 5630.942815
37 5909.133503
37 5956.638966
38 433.056000
38 506.254174
38 725.386389
38 1153.247494
38 1597.239814
38 1940.898092
38 2253.262515
38 2472.249492
38 2564.540120
38 2895.372514
38 3204.417329
38 3535.551900
38 3766.288809
38 4081.120709
38 4440.108592
38 4602.548518
38 4832.113782
38 4953.153196
38 5318.574430
38 5560.081569
38 5917.846270
39 528.353452
39 654.280104
39 999.153582
39 1466.642393
39 1660.130242
39 1917.218015
39 2181.030905
39 2387.183907
39 2712.376543
39 2983.754777
39 3346.394047
39 3663.744317
39 4082.706413
39 4328.400842
39 4525.707839
39 4824.305488
39 5095.765692
39 5535.043337
40 295.270056
40 816.800469
40 1030.469213
40 1431.504350
40 1580.124964
40 1758.889088
40 2162.236959
40 2447.392330
40 2756.713705
40 3065.267912
40 3328.012057
40 3783.336891
40 4066.990555
40 4436.063199
40 4704.035294
40 5162.470738
40 5445.386417
40 5792.535281
41 277.049546
41 438.248765
41 818.112948
41 1022.927111
41 1235.849667
41 1644.632660
41 2058.714979
41 2479.896463
41 2818.887956
41 3164.349257
41 3495.245866
41 3567.234612
41 3762.499128
41 4175.883994
41 4457.926549
41 4720.829217
41 4954.152278
41 5229.987829
41 5652.116880
41 5931.100882
