1 190.111848
1 446.339600
1 770.134758
1 939.725393
1 1203.196971
1 1486.314254
1 1833.768965
1 2149.040522
1 2349.118176
1 2579.172372
1 2823.240610
1 3191.444254
1 3441.424400
1 3687.490059
1 3870.344613
1 4019.581559
1 4301.582818
1 4476.027964
1 4773.654980
1 4938.718861
1 5125.715891
1 5448.146849
1 5811.651787
2 246.526776
2 527.430471
2 751.065408
2 993.789010
2 1286.276977
2 1641.926219
2 1861.278525
2 2119.515335
2 2426.468415
2 2686.080017
2 3014.771633
2 3395.039005
2 3751.860669
2 4088.042686
2 4409.719144
2 4614.401022
2 4940.737764
2 5021.891630
2 5244.305105
2 5600.129902
2 5834.856128
2 5953.837177
3 170.480968
3 374.000738
3 633.264632
3 772.547777
3 1034.413155
3 1263.616553
3 1617.033855
3 1859.546340
3 2140.891919
3 2363.219431
3 2659.767209
3 2935.171347
3 3233.284494
3 3477.567162
3 3773.593365
3 4049.930188
3 4343.355836
3 4540.009477
3 4677.569141
3 5001.320574
3 5142.801788
3 5435.728051
3 5500.680237
3 5724.574471
3 5986.093037
4 245.420901
4 611.594231
4 927.055322
4 1149.625930
4 1334.276846
4 1537.497613
4 1724.037295
4 1856.482307
4 2024.976231
4 2240.512016
4 2542.510160
4 2699.704051
4 2982.228561
4 3280.937111
4 3658.342369
4 3836.384108
4 4120.383816
4 4326.557149
4 4581.036216
4 4872.178471
4 5071.407581
4 5306.031936
4 5581.030720
4 5934.387039
5 263.180269
5 518.154632
5 699.651745
5 916.169194
5 1135.381916
5 1452.857977
5 1745.140354
5 2019.301388
5 2236.692957
5 2446.102050
5 2691.854972
5 2927.032178
5 3233.820582
5 3369.717012
5 3555.215179
5 3833.077129
5 4157.932851
5 4327.222297
5 4493.741336
5 4766.600076
5 4983.075036
5 5155.076010
5 5317.581723
5 5598.259013
5 5835.070554
6 231.032448
6 560.635846
6 734.785197
6 850.751394
6 1130.179892
6 1383.555444
6 1487.998475
6 1689.740086
6 2028.583142
6 2292.340631
6 2637.936841
6 2772.240735
6 3046.119381
6 3189.313869
6 3444.925708
6 3556.088911
6 3771.491454
6 3962.127999
6 4157.488231
6 4357.103706
6 4657.544069
6 4952.764830
6 5178.053075
6 5427.249516
6 5789.619992
7 376.495929
7 678.887948
7 989.425404
7 1144.229834
7 1370.230005
7 1771.089236
7 2131.256167
7 2354.735216
7 2603.379453
7 2800.430419
7 3021.980862
7 3329.279297
7 3600.819066
7 3943.898866
7 4176.084171
7 4368.766008
7 4577.550988
7 4803.996602
7 5162.543617
7 5515.068039
7 5734.796253
8 104.167281
8 360.653268
8 634.026783
8 914.304196
8 1088.722312
8 1280.973066
8 1600.610998
8 1876.599965
8 2214.427696
8 2413.298719
8 2599.723667
8 2845.222923
8 3026.127513
8 3318.852738
8 3584.006800
8 3892.651234
8 4116.406601
8 4399.576805
8 4767.081452
8 4795.966253
8 5003.630839
8 5261.044902
8 5669.150140
8 5891.562065
9 169.184944
9 507.078045
9 700.820265
9 977.098653
9 1133.060448
9 1489.515104
9 1803.817330
9 1975.624567
9 2299.658978
9 2459.203694
9 2550.198023
9 2924.916548
9 3417.158297
9 3697.333699
9 4077.915438
9 4260.983453
9 4562.135133
9 4803.801488
9 5184.466729
9 5591.942388
9 5815.366597
10 119.843849
10 418.970571
10 557.044688
10 970.514226
10 1267.978222
10 1389.526149
10 1480.995470
10 1670.969036
10 1870.966604
10 2071.181603
10 2414.589200
10 2581.650098
10 2855.095382
10 3262.934809
10 3569.860128
10 3869.390930
10 4247.124591
10 4474.886493
10 4880.249047
10 5206.543857
10 5498.481924
10 5747.343804
11 274.790200
11 873.003996
11 1184.530717
11 1359.078066
11 1697.524496
11 1887.004943
11 2219.509686
11 2455.210636
11 2690.109562
11 2922.718104
11 3080.349665
11 3534.271919
11 3869.009774
11 4185.423333
11 4477.977442
11 4882.575748
11 5193.562220
11 5493.854298
11 5786.734208
12 290.840511
12 564.946956
12 775.489471
12 1020.290183
12 1377.764532
12 1741.476090
12 2025.203902
12 2312.253902
12 2565.183616
12 2748.190623
12 3078.961066
12 3468.839419
12 3897.760151
12 4310.735644
12 4511.756296
12 4821.924089
12 5057.651033
12 5336.765190
12 5581.993987
12 5865.985235
13 334.567004
13 644.874530
13 828.714651
13 1016.147812
13 1261.496449
13 1561.157836
13 2015.437861
13 2352.944780
13 2549.349981
13 2752.327488
13 3231.445581
13 3368.337243
13 3712.066254
13 3999.351729
13 4287.317572
13 4579.279350
13 4711.731959
13 4873.462634
13 5148.876848
13 5582.996840
13 5814.045050
14 154.069536
14 438.121299
14 617.059067
14 933.551054
14 1182.124205
14 1553.207068
14 1857.604774
14 2208.045448
14 2424.503253
14 2714.376095
14 3124.321004
14 3225.665995
14 3583.573425
14 3648.445975
14 3899.982877
14 4168.559016
14 4426.590944
14 4750.500544
14 5015.372319
14 5349.669117
14 5525.704987
14 5818.435789
15 245.366987
15 490.696444
15 777.757638
15 1117.715342
15 1435.850785
15 1688.217063
15 2098.117987
15 2185.111026
15 2566.392279
15 2910.749152
15 3202.860858
15 3466.591610
15 3793.668853
15 4068.927933
15 4344.684145
15 4736.062538
15 5083.831483
15 5372.999303
15 5652.837085
15 5961.392949
16 296.221388
16 494.761050
16 787.821627
16 1016.233963
16 1329.456855
16 1709.607375
16 1871.181719
16 2259.659392
16 2619.986591
16 3124.731589
16 3478.134351
16 3801.197195
16 4168.409949
16 4537.204546
16 4800.647551
16 5142.526626
16 5386.022983
16 5449.232813
16 5746.952561
16 5988.059804
17 265.930190
17 594.945530
17 857.304622
17 1171.430911
17 1295.565046
17 1797.091725
17 2187.908189
17 2634.157750
17 2948.298599
17 3268.340545
17 3455.034865
17 3826.061723
17 4148.712601
17 4393.702259
17 4750.707769
17 4919.460597
17 5243.106728
17 5624.668077
