1 46.583438
1 109.316482
1 199.131343
1 232.607356
1 306.445782
1 363.936738
1 460.632955
1 515.821667
1 588.417838
1 635.545430
1 691.260610
1 781.800910
1 842.612486
1 899.516785
1 943.281049
1 980.500176
1 1046.634216
1 1095.917720
1 1156.094273
1 1209.199783
1 1254.982853
1 1335.628874
1 1422.922689
1 1473.199040
1 1532.637029
1 1593.680023
1 1654.306753
1 1712.839663
1 1783.373272
1 1869.138251
1 1936.376610
1 1983.238105
1 2058.330965
1 2131.510686
1 2200.200559
1 2291.902212
1 2360.272266
1 2470.399228
1 2536.592798
1 2585.951928
1 2664.648184
1 2684.218477
1 2740.293198
1 2838.788817
1 2880.265242
1 2908.957577
1 2978.693810
1 3019.153647
1 3075.824593
1 3138.092525
1 3162.082630
1 3235.903367
1 3278.660989
1 3376.959614
1 3420.133060
1 3485.360547
1 3529.507485
1 3610.103264
1 3674.160343
1 3744.584182
1 3804.246694
1 3871.534640
1 3940.124081
1 4009.782512
1 4056.467539
1 4082.240625
1 4154.203564
1 4185.867458
1 4269.108632
1 4284.528100
1 4346.623033
1 4399.763746
1 4452.088093
1 4507.227665
1 4594.927504
1 4668.610279
1 4720.596469
1 4763.725693
1 4811.192309
1 4854.762694
1 4876.724189
1 4922.632572
1 4975.396561
1 5045.934773
1 5082.650814
1 5148.640537
1 5226.133302
1 5303.650456
1 5348.147080
1 5414.481368
1 5463.517963
1 5513.159673
1 5596.790685
1 5635.452953
1 5693.713539
1 5755.647113
1 5838.181141
1 5906.351015
1 5951.967612
2 42.012812
2 92.072457
2 150.845384
2 228.151394
2 283.733694
2 336.401631
2 397.382497
2 445.798663
2 489.500977
2 567.681208
2 627.922138
2 675.533443
2 702.229773
2 760.082912
2 832.450078
2 880.720709
2 919.220535
2 962.260196
2 1025.910552
2 1070.019065
2 1109.695518
2 1175.423475
2 1246.551162
2 1313.917331
2 1359.219258
2 1430.648958
2 1460.182833
2 1500.020531
2 1563.507195
2 1621.074582
2 1644.804229
2 1690.640291
2 1767.626050
2 1827.552232
2 1897.764800
2 1940.034345
2 1992.898260
2 2041.635765
2 2089.421662
2 2114.678144
2 2146.122666
2 2207.158162
2 2264.146474
2 2309.403053
2 2377.058756
2 2443.937713
2 2491.126746
2 2529.719210
2 2604.962823
2 2700.608170
2 2771.137398
2 2852.071650
2 2921.359297
2 2940.595026
2 3021.632249
2 3102.009962
2 3176.126523
2 3233.729340
2 3294.568559
2 3325.433822
2 3374.866535
2 3443.431485
2 3504.017902
2 3580.566451
2 3632.372032
2 3675.363532
2 3714.096640
2 3782.332359
2 3852.472545
2 3931.128395
2 3980.172311
2 4053.840791
2 4076.638466
2 4132.799021
2 4186.621066
2 4254.027254
2 4292.218105
2 4334.313617
2 4404.302016
2 4470.582131
2 4552.858406
2 4592.073816
2 4623.069217
2 4676.824101
2 4716.435240
2 4780.530792
2 4838.589321
2 4904.761569
2 4955.164377
2 5017.167747
2 5097.637113
2 5103.961772
2 5148.842506
2 5205.796088
2 5295.155420
2 5343.855067
2 5407.391465
2 5464.916306
2 5533.784480
2 5575.384662
2 5637.520251
2 5668.194945
2 5726.714733
2 5812.219352
2 5849.109671
2 5923.031425
2 5952.847083
2 5972.481646
3 -0.176723
3 106.233697
3 166.800648
3 249.072952
3 288.647703
3 353.749203
3 406.946509
3 488.281812
3 589.523059
3 624.666667
3 663.395436
3 700.966590
3 764.327460
3 793.574250
3 881.155158
3 944.163830
3 969.910051
3 978.905284
3 1029.525140
3 1067.137375
3 1107.657419
3 1187.038386
3 1228.372804
3 1285.441896
3 1366.734523
3 1441.404585
3 1495.193751
3 1560.193919
3 1613.159337
3 1709.313205
3 1778.428806
3 1840.266979
3 1892.984196
3 1963.303498
3 2014.426867
3 2146.570607
3 2208.937783
3 2245.134922
3 2312.740740
3 2354.614916
3 2423.568816
3 2472.088201
3 2524.925162
3 2570.982795
3 2607.449206
3 2696.220516
3 2765.637512
3 2831.254468
3 2876.921480
3 2975.827978
3 3040.319480
3 3099.276569
3 3163.329821
3 3221.962602
3 3293.718645
3 3336.549748
3 3379.257477
3 3416.880223
3 3501.426626
3 3588.898733
3 3632.757179
3 3690.984153
3 3742.289960
3 3778.491687
3 3850.754300
3 3934.114182
3 4011.509618
3 4096.368387
3 4137.144643
3 4187.464363
3 4247.714752
3 4302.089283
3 4357.853213
3 4411.844706
3 4489.985976
3 4557.862605
3 4618.756698
3 4655.814556
3 4693.445064
3 4741.602320
3 4801.002415
3 4891.051645
3 4957.953635
3 4997.959027
3 5037.120896
3 5132.093627
3 5147.336596
3 5227.364207
3 5284.311099
3 5341.392857
3 5397.275068
3 5421.564609
3 5461.113953
3 5510.885883
3 5595.857277
3 5633.378761
3 5719.284363
3 5755.584211
3 5804.971325
3 5839.597363
3 5906.115372
3 5948.942453
4 59.359816
4 127.640791
4 169.816117
4 226.295863
4 306.170831
4 325.917212
4 395.653032
4 405.216316
4 457.303256
4 515.181366
4 589.057492
4 623.020820
4 674.629278
4 739.764729
4 774.064117
4 817.069008
4 877.388509
4 927.039896
4 970.610992
4 1025.152420
4 1089.744147
4 1141.305439
4 1212.827679
4 1276.019969
4 1284.819855
4 1371.910129
4 1434.808610
4 1485.212983
4 1535.297274
4 1598.173456
4 1650.472490
4 1702.073504
4 1777.227602
4 1858.227231
4 1898.245145
4 1932.714424
4 2015.898006
4 2063.237416
4 2133.749572
4 2169.803431
4 2213.992074
4 2244.679294
4 2309.253390
4 2379.602885
4 2395.309125
4 2474.405324
4 2543.341101
4 2647.088996
4 2706.881087
4 2773.057146
4 2834.621382
4 2902.869384
4 2944.903977
4 3014.888440
4 3059.949133
4 3074.966051
4 3126.741658
4 3181.963408
4 3214.220440
4 3262.082511
4 3321.309773
4 3376.667874
4 3422.966307
4 3447.430870
4 3537.712533
4 3608.064843
4 3689.039887
4 3748.131020
4 3802.557447
4 3821.333279
4 3891.142337
4 3957.314358
4 4005.137950
4 4067.359472
4 4083.518616
4 4152.708932
4 4226.728636
4 4302.325241
4 4361.751560
4 4427.799209
4 4490.195336
4 4557.856890
4 4640.060545
4 4659.063330
4 4743.387007
4 4806.041777
4 4888.747472
4 4938.948027
4 4994.876590
4 5074.597979
4 5114.103263
4 5190.018300
4 5224.194821
4 5280.376966
4 5353.341150
4 5410.414018
4 5427.788428
4 5506.199226
4 5580.626013
4 5662.892267
4 5721.337406
4 5810.438287
4 5835.878632
4 5860.303742
4 5907.118399
4 5953.877195
5 73.732727
5 150.084136
5 210.100154
5 273.273013
5 322.796870
5 419.606182
5 494.039172
5 569.934595
5 625.175351
5 662.340553
5 710.918664
5 747.468925
5 777.768417
5 875.080181
5 945.739624
5 980.657887
5 1067.165828
5 1109.019561
5 1152.641112
5 1184.298076
5 1228.435481
5 1284.962581
5 1350.546802
5 1391.476575
5 1435.243635
5 1474.591239
5 1509.926455
5 1566.441555
5 1623.749765
5 1705.348650
5 1779.532897
5 1825.866819
5 1888.178038
5 1982.465267
5 2041.839224
5 2099.203885
5 2146.805332
5 2242.884115
5 2295.242469
5 2343.782180
5 2442.726381
5 2475.221786
5 2545.137890
5 2607.203947
5 2650.533129
5 2662.715887
5 2708.107643
5 2757.821310
5 2851.680722
5 2922.752153
5 2943.919178
5 3021.929998
5 3074.768302
5 3127.796884
5 3201.375386
5 3255.115317
5 3311.602319
5 3361.849992
5 3394.299078
5 3423.675371
5 3468.112833
5 3546.762037
5 3630.428745
5 3657.464997
5 3736.748715
5 3822.484241
5 3910.536195
5 3995.714252
5 4037.329805
5 4075.435719
5 4180.823515
5 4243.538041
5 4279.738564
5 4359.747956
5 4424.792381
5 4499.840433
5 4568.641692
5 4596.270533
5 4671.114578
5 4743.207874
5 4793.886485
5 4852.389859
5 4910.199074
5 4993.575346
5 5071.337928
5 5167.694075
5 5222.409054
5 5279.993355
5 5361.139177
5 5431.845077
5 5511.491702
5 5593.554868
5 5651.855986
5 5692.163581
5 5773.084285
5 5835.523874
5 5923.804315
5 5996.304084
6 74.386837
6 134.839055
6 196.823830
6 241.437749
6 325.326104
6 374.913128
6 464.165869
6 537.440153
6 595.747620
6 664.100010
6 741.699388
6 839.414952
6 897.546396
6 941.000624
6 998.862120
6 1027.982784
6 1087.854696
6 1153.972183
6 1212.122607
6 1293.374602
6 1335.965875
6 1409.071876
6 1466.345223
6 1567.108801
6 1588.589326
6 1654.933515
6 1718.882321
6 1743.533596
6 1801.819597
6 1881.348706
6 1934.153848
6 1982.848838
6 2045.601916
6 2131.380024
6 2159.774246
6 2246.206090
6 2307.478337
6 2377.517918
6 2422.357621
6 2467.877566
6 2526.313090
6 2544.086391
6 2608.620955
6 2648.541348
6 2678.748387
6 2727.224328
6 2800.796535
6 2852.495250
6 2942.948508
6 3031.710557
6 3102.435855
6 3159.440200
6 3175.762478
6 3235.932364
6 3327.264805
6 3420.411723
6 3466.859733
6 3513.956232
6 3586.735198
6 3627.636588
6 3706.865840
6 3762.224673
6 3806.969742
6 3887.716339
6 3967.447283
6 4020.749372
6 4075.246359
6 4154.955089
6 4236.566451
6 4302.949623
6 4355.399813
6 4401.802967
6 4471.303466
6 4536.680556
6 4596.720398
6 4651.990085
6 4683.005250
6 4741.443790
6 4835.580275
6 4917.581584
6 4980.000681
6 5063.232113
6 5117.846059
6 5148.722190
6 5247.958238
6 5271.464129
6 5367.771027
6 5439.332376
6 5474.540111
6 5531.616101
6 5581.255285
6 5633.261689
6 5695.096086
6 5749.054573
6 5809.783449
6 5907.323716
6 5952.252288
6 5994.861764
7 54.105521
7 118.965290
7 199.565422
7 271.654232
7 338.189396
7 395.784274
7 422.782089
7 486.939033
7 568.977088
7 637.065193
7 675.568478
7 713.572025
7 783.295691
7 845.655040
7 899.356018
7 962.972478
7 1008.947998
7 1056.604734
7 1146.118939
7 1190.684370
7 1255.213203
7 1334.996578
7 1373.168447
7 1458.160460
7 1509.150920
7 1563.163002
7 1613.972871
7 1679.121738
7 1739.286901
7 1807.830666
7 1865.344217
7 1917.930189
7 2007.007757
7 2092.691401
7 2153.618941
7 2205.330920
7 2240.048696
7 2296.065736
7 2342.873621
7 2402.701400
7 2482.538079
7 2543.580010
7 2585.519135
7 2658.778351
7 2681.681974
7 2759.168214
7 2773.482653
7 2837.933398
7 2915.567841
7 2988.264614
7 3030.898599
7 3085.712315
7 3107.318335
7 3161.990393
7 3228.532189
7 3286.423393
7 3365.163279
7 3387.200173
7 3440.820721
7 3511.139558
7 3568.234798
7 3618.806488
7 3681.921978
7 3743.913648
7 3809.456054
7 3875.186753
7 3966.222582
7 4019.353178
7 4053.423563
7 4097.099207
7 4150.630100
7 4184.372273
7 4236.985180
7 4312.634462
7 4377.702335
7 4468.036749
7 4497.242931
7 4613.661373
7 4639.261716
7 4681.275299
7 4718.072752
7 4778.994385
7 4795.213371
7 4887.990903
7 4941.270479
7 5017.076262
7 5074.334673
7 5136.326309
7 5179.110806
7 5231.921586
7 5305.028238
7 5352.934436
7 5381.195511
7 5433.282943
7 5532.358103
7 5553.775199
7 5615.828805
7 5691.649983
7 5748.306717
7 5809.545115
7 5877.907188
7 5936.554400
7 5994.234862
8 67.867031
8 119.350085
8 175.954116
8 243.520861
8 296.230315
8 358.253986
8 437.648276
8 486.705376
8 570.006785
8 638.670715
8 749.596693
8 833.161429
8 898.789136
8 936.294851
8 1003.367965
8 1045.833471
8 1072.880191
8 1139.195764
8 1226.115433
8 1257.375720
8 1319.376611
8 1392.727646
8 1460.953445
8 1519.990539
8 1599.927296
8 1703.719794
8 1769.205630
8 1859.631913
8 1874.840145
8 1942.414431
8 1986.631381
8 2065.153769
8 2118.089301
8 2209.487101
8 2233.209089
8 2306.026742
8 2362.079116
8 2373.663265
8 2469.899747
8 2514.306956
8 2622.096885
8 2707.747958
8 2780.958669
8 2849.874340
8 2915.074180
8 2988.648274
8 3036.165709
8 3068.860323
8 3155.447150
8 3235.153387
8 3292.823914
8 3363.102495
8 3421.199578
8 3486.277199
8 3536.700956
8 3587.716197
8 3645.386164
8 3712.493490
8 3738.909527
8 3836.083321
8 3907.297644
8 3978.755354
8 4037.017429
8 4102.779686
8 4148.678970
8 4218.974152
8 4280.187977
8 4344.540027
8 4393.558577
8 4456.444777
8 4509.412464
8 4574.525559
8 4614.320423
8 4698.098981
8 4750.978140
8 4791.123208
8 4855.469113
8 4955.401457
8 4995.611392
8 5057.234421
8 5143.682749
8 5176.958565
8 5270.334333
8 5306.562894
8 5358.855857
8 5443.239042
8 5474.723304
8 5550.695013
8 5599.366036
8 5667.935423
8 5774.301559
8 5844.044877
8 5912.227913
8 5971.672475
9 29.653388
9 71.935507
9 151.095100
9 201.884432
9 252.335433
9 324.877062
9 367.406162
9 405.985987
9 460.585869
9 533.960371
9 608.254324
9 663.934677
9 749.423072
9 793.834111
9 836.562244
9 900.882934
9 978.597697
9 999.593864
9 1047.875910
9 1080.296912
9 1125.868151
9 1187.484854
9 1259.921599
9 1337.046942
9 1390.830633
9 1460.028813
9 1540.180941
9 1608.774892
9 1663.989024
9 1785.040840
9 1871.184227
9 1959.111995
9 1983.173796
9 2009.997320
9 2061.430680
9 2133.606008
9 2203.168935
9 2262.669969
9 2312.463024
9 2363.116515
9 2420.331752
9 2494.992599
9 2583.892074
9 2632.093886
9 2715.178751
9 2775.136277
9 2828.962673
9 2868.566264
9 2919.113458
9 2973.299789
9 3057.374947
9 3140.853467
9 3180.600354
9 3232.844669
9 3320.014794
9 3398.651866
9 3421.138197
9 3466.771046
9 3549.557551
9 3614.020915
9 3630.084866
9 3676.749610
9 3755.130099
9 3778.755377
9 3876.681399
9 3959.769807
9 4040.745395
9 4119.051060
9 4196.085008
9 4261.787367
9 4356.010271
9 4396.656531
9 4470.650441
9 4526.864774
9 4575.142386
9 4648.871491
9 4737.220601
9 4778.164499
9 4832.102077
9 4874.432431
9 4973.385786
9 5038.277019
9 5086.323299
9 5140.758368
9 5183.059574
9 5266.475984
9 5352.669914
9 5407.142385
9 5480.163100
9 5506.829919
9 5572.414865
9 5617.473180
9 5694.165698
9 5753.288032
9 5811.801969
9 5859.359782
9 5923.794485
9 5976.552816
10 87.466763
10 152.384841
10 208.599793
10 245.009616
10 304.741310
10 336.499944
10 424.499081
10 495.933663
10 569.942603
10 622.363169
10 737.983708
10 815.679442
10 888.937250
10 941.289323
10 1016.705779
10 1091.199428
10 1144.345350
10 1199.579315
10 1257.434812
10 1290.688509
10 1385.805493
10 1443.432884
10 1510.497837
10 1543.918528
10 1614.172349
10 1654.546747
10 1698.823832
10 1765.631850
10 1829.307777
10 1911.953062
10 1985.859056
10 2063.745011
10 2128.565279
10 2209.207816
10 2295.926549
10 2339.889506
10 2371.796117
10 2445.793916
10 2518.362949
10 2582.036209
10 2682.060894
10 2769.693427
10 2822.222648
10 2869.793068
10 2908.810946
10 2994.204513
10 3069.094507
10 3103.812023
10 3157.688651
10 3242.291353
10 3314.851150
10 3364.040792
10 3423.272313
10 3488.604477
10 3564.063267
10 3606.899809
10 3686.645038
10 3719.568952
10 3753.742826
10 3817.708402
10 3891.676354
10 3935.031679
10 3979.534521
10 4037.363088
10 4098.969104
10 4151.570718
10 4215.220432
10 4254.630966
10 4324.845925
10 4362.100862
10 4431.186943
10 4515.005015
10 4543.909470
10 4614.988751
10 4668.864425
10 4713.878055
10 4781.415212
10 4868.936506
10 4929.451344
10 5003.048122
10 5087.424599
10 5139.429971
10 5221.978355
10 5305.347637
10 5366.502964
10 5421.942173
10 5457.550503
10 5526.899282
10 5597.794120
10 5635.906200
10 5731.144335
10 5778.146219
10 5880.234563
10 5954.044457
10 5999.271080
11 75.952633
11 149.928495
11 244.010555
11 331.285337
11 384.396294
11 482.350385
11 535.001468
11 590.157827
11 692.903983
11 767.240529
11 852.548039
11 920.166603
11 955.659718
11 1025.993764
11 1086.609846
11 1106.992281
11 1197.186919
11 1289.688730
11 1389.315046
11 1472.377559
11 1551.881299
11 1617.364093
11 1660.872225
11 1693.077291
11 1747.548468
11 1770.364827
11 1857.500416
11 1909.604459
11 1983.748684
11 2043.036996
11 2092.883020
11 2132.137948
11 2229.014963
11 2261.406029
11 2336.820350
11 2394.370604
11 2474.410493
11 2529.571979
11 2578.757541
11 2682.985111
11 2697.147032
11 2772.001887
11 2836.996585
11 2881.363814
11 2941.629805
11 3011.962567
11 3045.407489
11 3105.456776
11 3134.606431
11 3178.517126
11 3262.437306
11 3321.472712
11 3420.417706
11 3468.923103
11 3539.099657
11 3589.764637
11 3659.014150
11 3713.720214
11 3758.817532
11 3835.233046
11 3872.408722
11 3919.153102
11 3983.546975
11 4058.427360
11 4133.265511
11 4193.959935
11 4265.604735
11 4310.067598
11 4379.952353
11 4445.868092
11 4493.270141
11 4569.008430
11 4648.981288
11 4695.564787
11 4734.848999
11 4742.625670
11 4846.568480
11 4910.826742
11 4990.335762
11 5034.706727
11 5116.044559
11 5185.304802
11 5304.211169
11 5353.092735
11 5421.580772
11 5462.005468
11 5528.704469
11 5575.024539
11 5617.918112
11 5692.540010
11 5779.611852
11 5809.544450
11 5861.372894
11 5954.461367
11 5979.100496
12 73.337507
12 150.647050
12 196.269201
12 273.502906
12 361.318018
12 446.018236
12 494.918551
12 553.277133
12 592.065754
12 663.216563
12 716.164529
12 784.724822
12 840.417098
12 923.530236
12 973.252764
12 1046.141602
12 1102.255870
12 1161.109190
12 1222.279271
12 1314.117063
12 1385.518105
12 1431.541615
12 1484.436016
12 1547.265127
12 1611.838434
12 1684.825994
12 1758.631217
12 1825.530875
12 1875.214321
12 1944.209927
12 2011.400412
12 2064.489636
12 2115.096847
12 2169.696854
12 2241.876422
12 2303.653299
12 2327.832470
12 2358.899618
12 2446.798494
12 2518.723417
12 2594.750193
12 2649.807614
12 2733.045098
12 2773.823953
12 2806.394511
12 2902.892738
12 2992.111649
12 3055.705724
12 3100.590344
12 3166.360522
12 3234.943765
12 3289.432794
12 3362.075963
12 3391.421281
12 3475.917062
12 3505.598618
12 3566.925722
12 3629.964694
12 3673.606584
12 3782.622278
12 3838.954984
12 3924.684716
12 4002.076333
12 4088.546335
12 4134.238525
12 4186.198074
12 4250.146268
12 4276.865754
12 4314.139524
12 4380.594951
12 4472.441097
12 4512.787699
12 4579.095427
12 4601.237721
12 4676.058168
12 4716.775924
12 4763.256609
12 4848.128558
12 4942.149597
12 4991.358510
12 5083.977271
12 5098.105040
12 5137.427960
12 5222.335371
12 5308.018776
12 5371.683877
12 5420.061318
12 5493.868763
12 5595.511428
12 5670.955786
12 5723.812120
12 5779.342275
12 5838.847542
12 5893.204015
12 5961.424344
13 83.582313
13 119.742408
13 199.507080
13 273.978857
13 361.344673
13 447.211547
13 496.547509
13 573.645511
13 630.001277
13 689.092895
13 761.982280
13 837.513558
13 915.068172
13 973.797866
13 1025.684764
13 1075.231623
13 1147.529117
13 1230.976133
13 1313.762434
13 1391.199869
13 1483.391655
13 1565.910760
13 1641.674148
13 1704.587479
13 1798.937635
13 1827.962429
13 1878.806149
13 1986.323143
13 2047.774158
13 2114.127398
13 2166.763434
13 2205.402667
13 2295.826042
13 2340.212450
13 2378.248442
13 2473.232246
13 2523.949963
13 2569.568712
13 2628.704744
13 2679.136691
13 2726.549442
13 2806.918424
13 2870.738308
13 2894.090523
13 2987.169738
13 3074.091175
13 3144.876971
13 3210.269734
13 3246.352214
13 3282.951613
13 3318.730779
13 3364.413595
13 3418.272245
13 3556.002217
13 3631.861733
13 3702.711716
13 3757.453867
13 3839.003825
13 3852.753719
13 3958.783700
13 4009.664741
13 4102.483674
13 4174.440293
13 4216.761369
13 4253.596576
13 4263.422935
13 4299.624716
13 4375.712894
13 4450.652185
13 4478.544255
13 4529.070092
13 4615.315279
13 4657.404285
13 4745.406982
13 4810.799057
13 4873.970078
13 4936.263421
13 4995.192066
13 5069.367124
13 5138.054195
13 5185.308906
13 5260.029899
13 5369.676217
13 5407.786669
13 5463.571386
13 5531.359662
13 5596.418838
13 5676.189425
13 5737.001049
13 5806.932533
13 5859.397209
13 5923.927230
13 5979.791280
14 89.385582
14 174.612458
14 242.220560
14 324.496902
14 372.900350
14 420.119970
14 486.263035
14 495.609933
14 567.898977
14 662.125698
14 674.757338
14 724.252822
14 814.548077
14 917.794188
14 1005.443317
14 1069.122843
14 1106.771088
14 1157.442196
14 1228.386179
14 1292.027962
14 1369.355287
14 1407.406678
14 1491.245348
14 1573.296249
14 1612.388816
14 1651.268188
14 1693.130835
14 1774.079942
14 1830.815484
14 1894.941409
14 1984.239469
14 2122.450986
14 2130.512424
14 2214.297099
14 2310.633634
14 2360.447208
14 2403.250348
14 2473.337340
14 2518.521321
14 2589.796044
14 2650.879470
14 2728.758053
14 2798.313910
14 2890.140735
14 2941.099660
14 2990.787553
14 3052.682142
14 3105.346111
14 3210.514602
14 3320.490496
14 3375.714163
14 3485.062600
14 3525.634186
14 3604.879519
14 3642.059537
14 3675.265856
14 3766.625346
14 3819.547173
14 3890.872957
14 3961.151016
14 4010.618358
14 4106.055453
14 4152.575614
14 4252.046926
14 4299.035880
14 4397.990185
14 4467.421058
14 4529.047661
14 4595.756637
14 4654.730196
14 4686.943049
14 4762.221798
14 4803.780818
14 4846.329677
14 4928.017828
14 5011.016767
14 5093.279467
14 5161.786924
14 5226.737344
14 5303.304021
14 5322.110479
14 5353.433099
14 5433.844257
14 5490.384238
14 5554.044727
14 5598.135602
14 5653.287240
14 5728.843650
14 5781.122113
14 5862.752737
14 5956.950134
15 67.740433
15 198.514857
15 212.764910
15 271.377579
15 333.065955
15 393.810792
15 436.482213
15 532.521297
15 587.764940
15 669.695247
15 750.816788
15 798.012276
15 855.650766
15 938.929926
15 979.045163
15 1026.808374
15 1106.595005
15 1155.221621
15 1232.389204
15 1319.717361
15 1426.200902
15 1513.375680
15 1578.344435
15 1623.265678
15 1703.830898
15 1783.419879
15 1828.474539
15 1896.382031
15 1913.263198
15 1994.110125
15 2085.567801
15 2146.036672
15 2212.961274
15 2277.176369
15 2378.595991
15 2421.412227
15 2491.511845
15 2559.898199
15 2588.028975
15 2647.128459
15 2707.013080
15 2755.268008
15 2801.599679
15 2853.128954
15 2893.048163
15 2954.951951
15 3026.907958
15 3073.248798
15 3152.839007
15 3176.458509
15 3269.573936
15 3377.211220
15 3458.817723
15 3506.115500
15 3538.123993
15 3590.390073
15 3682.336885
15 3721.695400
15 3776.616800
15 3840.752131
15 3900.968368
15 3966.796704
15 4033.614119
15 4102.542336
15 4166.763252
15 4228.051750
15 4303.884540
15 4405.037423
15 4468.881181
15 4529.977419
15 4613.555666
15 4646.137935
15 4728.196155
15 4800.635961
15 4875.795567
15 4972.132803
15 5020.383526
15 5073.941257
15 5168.147422
15 5223.180814
15 5305.568494
15 5351.355116
15 5384.956442
15 5439.837160
15 5528.618388
15 5601.076016
15 5650.987834
15 5714.779972
15 5810.293338
15 5864.193045
15 5924.504104
15 5950.945710
16 29.886555
16 82.991702
16 150.387762
16 196.013441
16 278.506591
16 368.409428
16 422.165721
16 462.267891
16 516.430247
16 625.029022
16 636.173363
16 679.877220
16 744.023078
16 817.547494
16 896.885380
16 955.949277
16 1047.722439
16 1115.420930
16 1205.517330
16 1257.450211
16 1317.202489
16 1386.029428
16 1461.501307
16 1514.414654
16 1594.636904
16 1654.833315
16 1666.607587
16 1722.205826
16 1778.180723
16 1858.226415
16 1897.145036
16 1911.953320
16 2011.588001
16 2063.104400
16 2137.249379
16 2171.180363
16 2207.075544
16 2263.625066
16 2334.679286
16 2387.051847
16 2448.350218
16 2521.927621
16 2584.469794
16 2649.862148
16 2707.072503
16 2763.043728
16 2851.215320
16 2908.674885
16 2945.614235
16 2987.379108
16 3053.780773
16 3139.091097
16 3217.816229
16 3289.500355
16 3362.614386
16 3416.915060
16 3484.331833
16 3566.400115
16 3630.908123
16 3706.116644
16 3777.445952
16 3876.405491
16 3926.768325
16 4010.613509
16 4074.236240
16 4148.368041
16 4221.082129
16 4302.743001
16 4407.133456
16 4466.141499
16 4575.223117
16 4649.830658
16 4713.973571
16 4791.809102
16 4851.293582
16 4919.507205
16 4996.786409
16 5025.533517
16 5084.251202
16 5118.961115
16 5188.568890
16 5268.920478
16 5355.709326
16 5401.869612
16 5461.145385
16 5474.335083
16 5513.073308
16 5622.149258
16 5692.753803
16 5751.980736
16 5813.134703
16 5861.532721
16 5923.681732
17 74.955033
17 80.600939
17 128.405464
17 214.782189
17 310.078700
17 372.085482
17 439.586836
17 455.124497
17 493.399369
17 512.579515
17 549.931412
17 611.013287
17 691.151927
17 775.383289
17 834.777449
17 917.476206
17 979.121891
17 1082.511440
17 1143.338924
17 1212.687938
17 1246.854943
17 1363.457244
17 1391.830939
17 1516.027484
17 1593.384838
17 1667.848859
17 1740.705723
17 1839.856867
17 1941.060456
17 2014.086115
17 2146.917863
17 2168.808946
17 2242.320631
17 2309.421634
17 2361.942561
17 2403.759410
17 2490.664518
17 2543.673392
17 2602.778808
17 2684.155920
17 2774.627736
17 2800.043637
17 2838.021227
17 2895.404522
17 2961.573696
17 3007.668404
17 3076.074564
17 3167.386894
17 3212.870077
17 3282.242984
17 3365.647073
17 3426.106130
17 3454.802163
17 3490.049499
17 3596.187783
17 3658.389806
17 3740.814643
17 3823.943059
17 3916.024639
17 4010.446635
17 4046.357950
17 4084.759729
17 4155.910227
17 4193.087446
17 4242.245731
17 4343.347032
17 4374.882237
17 4448.242177
17 4491.595273
17 4558.742314
17 4629.706430
17 4710.693603
17 4795.303297
17 4848.210734
17 4910.073204
17 4987.807421
17 5075.600723
17 5145.908595
17 5202.373206
17 5254.787295
17 5355.903466
17 5409.625998
17 5492.636563
17 5552.366923
17 5619.821877
17 5689.973609
17 5776.211815
17 5833.814124
17 5921.462738
17 5957.040952
18 42.591282
18 108.793319
18 176.005681
18 252.287752
18 310.914540
18 369.411429
18 424.262744
18 474.554316
18 529.526563
18 588.299207
18 638.179278
18 726.366075
18 754.014643
18 826.560920
18 915.842333
18 979.696315
18 1022.843221
18 1083.911183
18 1159.116615
18 1228.263280
18 1289.050170
18 1363.206426
18 1393.756255
18 1458.687467
18 1539.569121
18 1588.185968
18 1684.994813
18 1707.522232
18 1761.522039
18 1857.389378
18 1883.739449
18 1960.795339
18 2054.793152
18 2131.051775
18 2165.259187
18 2241.745838
18 2330.262839
18 2397.970945
18 2490.495951
18 2560.808108
18 2631.055594
18 2704.322318
18 2772.407992
18 2820.891157
18 2868.740502
18 2916.951997
18 2989.469671
18 3076.382991
18 3134.793961
18 3185.331973
18 3285.227039
18 3366.384940
18 3398.714613
18 3466.174871
18 3532.279994
18 3588.355584
18 3640.046234
18 3703.055521
18 3760.242665
18 3798.766171
18 3890.829099
18 3962.115694
18 3985.025389
18 4092.809677
18 4144.745816
18 4176.382608
18 4221.667257
18 4298.166844
18 4396.666472
18 4448.966588
18 4538.974048
18 4576.262416
18 4615.775845
18 4671.410554
18 4730.689685
18 4787.356002
18 4812.569092
18 4887.604317
18 4930.588574
18 5024.756305
18 5077.850876
18 5146.311654
18 5226.323204
18 5304.295238
18 5362.039358
18 5411.479344
18 5462.581634
18 5527.224739
18 5577.855643
18 5619.289633
18 5720.640606
18 5865.034526
18 5906.293840
18 5977.614791
19 75.348719
19 151.800562
19 198.031465
19 252.000900
19 307.634084
19 372.156257
19 463.300502
19 569.249845
19 672.402455
19 755.264596
19 834.907403
19 888.850369
19 938.610916
19 1000.773927
19 1116.243698
19 1198.761337
19 1211.095064
19 1260.419844
19 1335.126814
19 1394.018749
19 1431.096611
19 1486.205628
19 1559.457836
19 1654.424437
19 1714.005853
19 1803.721500
19 1882.011659
19 1940.467547
19 2016.486944
19 2087.068080
19 2155.762787
19 2214.033403
19 2283.207293
19 2338.530337
19 2402.815298
19 2488.741855
19 2561.609196
19 2648.097297
19 2695.855735
19 2772.533747
19 2805.212832
19 2863.987848
19 2920.302412
19 2983.727199
19 3089.754062
19 3134.700576
19 3260.751960
19 3332.069732
19 3396.976460
19 3441.294309
19 3485.017267
19 3519.958497
19 3588.866825
19 3673.992429
19 3713.216505
19 3801.616856
19 3872.741879
19 3922.089572
19 3959.947753
19 4020.760783
19 4086.351437
19 4144.842064
19 4189.661335
19 4251.946613
19 4323.547101
19 4358.446109
19 4426.322404
19 4464.795871
19 4597.077945
19 4670.474263
19 4732.023699
19 4821.438739
19 4888.499008
19 4937.402121
19 4991.081827
19 5043.170537
19 5118.833707
19 5186.700750
19 5249.039643
19 5317.997672
19 5360.128809
19 5423.128886
19 5491.952569
19 5553.978525
19 5616.269064
19 5694.921905
19 5783.710239
19 5837.877341
19 5924.846548
19 5953.633786
20 75.393793
20 152.395007
20 242.663046
20 320.338481
20 406.959445
20 492.499309
20 515.387946
20 574.909597
20 652.702230
20 710.951839
20 780.173416
20 817.186762
20 857.598563
20 897.123281
20 977.869311
20 1109.793399
20 1185.162205
20 1249.123896
20 1291.794914
20 1373.327987
20 1393.022386
20 1509.310125
20 1561.795625
20 1675.537703
20 1725.093260
20 1799.564194
20 1893.811341
20 1982.946987
20 2012.866906
20 2043.900855
20 2146.476780
20 2204.508212
20 2295.583299
20 2393.790087
20 2446.273318
20 2528.247271
20 2579.878484
20 2650.255215
20 2730.305674
20 2816.271153
20 2861.819217
20 2943.216411
20 2954.522598
20 3072.616087
20 3106.932205
20 3178.574431
20 3252.718530
20 3296.296433
20 3367.973141
20 3407.976395
20 3484.770833
20 3585.484307
20 3656.030873
20 3758.283318
20 3807.058315
20 3891.468214
20 3958.686447
20 4044.102572
20 4101.097600
20 4169.036296
20 4224.342876
20 4271.245782
20 4347.867091
20 4449.191095
20 4502.352377
20 4542.894554
20 4638.682664
20 4719.351328
20 4848.168198
20 4889.903892
20 4951.680893
20 5016.854088
20 5116.740962
20 5199.685346
20 5271.427637
20 5353.604717
20 5438.559078
20 5520.142760
20 5578.280547
20 5633.432029
20 5730.240770
20 5774.552256
20 5860.132164
20 5939.106570
20 5978.181799
21 46.727766
21 68.227661
21 115.596966
21 197.005969
21 272.564645
21 328.307440
21 359.847074
21 404.294622
21 460.500467
21 572.403855
21 607.878325
21 663.590523
21 734.700846
21 815.199907
21 924.054664
21 960.400852
21 1066.329336
21 1147.236883
21 1212.075239
21 1335.160117
21 1408.731224
21 1458.982996
21 1530.647173
21 1565.650655
21 1614.061387
21 1708.913120
21 1801.506529
21 1845.322380
21 1940.457082
21 2000.146150
21 2093.604170
21 2145.600476
21 2225.766940
21 2285.970229
21 2353.755972
21 2439.550361
21 2488.902874
21 2581.706965
21 2649.516125
21 2721.268787
21 2836.300638
21 2887.866104
21 2957.461429
21 3009.539359
21 3088.742110
21 3138.380332
21 3175.809562
21 3263.226541
21 3339.868587
21 3396.824307
21 3447.330491
21 3518.651157
21 3558.907049
21 3631.378702
21 3713.905934
21 3758.229088
21 3839.958608
21 3873.877542
21 3960.694303
21 4068.252788
21 4127.244767
21 4153.453124
21 4248.830868
21 4313.625929
21 4402.593342
21 4479.359073
21 4526.256210
21 4571.093158
21 4650.485456
21 4715.059567
21 4770.493202
21 4791.259726
21 4846.540657
21 4954.863035
21 4992.325272
21 5084.321843
21 5149.806959
21 5184.845272
21 5251.942435
21 5287.186494
21 5318.518398
21 5392.863746
21 5462.919379
21 5512.571453
21 5599.565669
21 5677.488437
21 5750.451844
21 5810.646941
21 5921.947517
21 5993.101352
22 45.547015
22 108.718047
22 194.776536
22 226.928090
22 335.053852
22 388.681252
22 438.826321
22 496.493776
22 545.293857
22 638.592385
22 710.345007
22 776.705239
22 862.434103
22 917.165388
22 961.719937
22 1047.947215
22 1124.308613
22 1201.143497
22 1284.138252
22 1328.292429
22 1432.081658
22 1484.783841
22 1578.565440
22 1664.730142
22 1718.741226
22 1798.647475
22 1908.260839
22 1983.067202
22 2046.562657
22 2112.826554
22 2170.223236
22 2263.404132
22 2347.356786
22 2421.774459
22 2474.351821
22 2544.790920
22 2577.913715
22 2681.377536
22 2733.386715
22 2809.739151
22 2890.102053
22 2941.779093
22 3010.658772
22 3076.515803
22 3164.076429
22 3249.788811
22 3308.975997
22 3420.047994
22 3483.392612
22 3562.731697
22 3657.067154
22 3730.839067
22 3825.303146
22 3889.545173
22 3914.893524
22 3969.972450
22 4043.694997
22 4091.473326
22 4134.534755
22 4206.492504
22 4261.107417
22 4334.145628
22 4403.453289
22 4468.393885
22 4553.613671
22 4646.098417
22 4737.768936
22 4816.775783
22 4877.123294
22 4993.744733
22 5076.619767
22 5135.692029
22 5187.954687
22 5270.475201
22 5323.873881
22 5371.416075
22 5417.297601
22 5512.815970
22 5573.833413
22 5655.411878
22 5730.253612
22 5813.431310
22 5922.226384
23 75.813183
23 152.556195
23 230.987136
23 272.964242
23 325.517643
23 332.420885
23 368.977420
23 438.555084
23 516.618651
23 572.600864
23 653.640292
23 693.223140
23 784.999263
23 858.268048
23 919.479808
23 1001.270932
23 1063.426601
23 1123.363140
23 1198.016035
23 1294.542094
23 1333.369645
23 1431.321583
23 1481.665674
23 1564.922954
23 1640.910322
23 1700.762141
23 1789.279813
23 1856.379730
23 1933.211412
23 1993.987683
23 2037.259237
23 2085.769035
23 2173.025553
23 2243.400559
23 2309.736592
23 2359.331867
23 2403.167723
23 2468.860598
23 2546.252160
23 2631.968823
23 2712.413708
23 2801.143439
23 2882.539453
23 2987.700635
23 3110.212779
23 3181.358360
23 3232.546711
23 3323.000736
23 3414.573092
23 3492.981638
23 3571.777400
23 3605.304846
23 3660.650667
23 3741.187216
23 3824.963866
23 3940.885904
23 4016.453116
23 4088.100336
23 4095.779442
23 4154.432231
23 4254.363447
23 4328.288242
23 4416.411608
23 4469.201749
23 4568.084296
23 4637.684054
23 4738.632755
23 4816.117820
23 4877.604049
23 4946.317973
23 5025.741393
23 5097.557249
23 5185.107631
23 5249.350241
23 5352.071136
23 5424.455071
23 5511.088901
23 5576.919515
23 5633.020849
23 5716.479967
23 5775.059256
23 5839.662768
23 5891.630183
23 5977.271639
24 53.937121
24 125.574625
24 170.216963
24 243.890219
24 331.451286
24 371.931193
24 421.607355
24 495.522010
24 589.047389
24 706.538359
24 814.788947
24 862.234591
24 939.831520
24 1017.597876
24 1084.330791
24 1164.458577
24 1233.353296
24 1321.635924
24 1371.036050
24 1453.155669
24 1543.703305
24 1621.203006
24 1675.560581
24 1723.447221
24 1803.339144
24 1880.060520
24 1932.879713
24 2001.991162
24 2086.998378
24 2170.874778
24 2233.072578
24 2284.547748
24 2315.614805
24 2396.717018
24 2446.297220
24 2491.637814
24 2550.126805
24 2603.976422
24 2657.572289
24 2748.437751
24 2837.756297
24 2905.575074
24 2939.055490
24 3022.422956
24 3111.917324
24 3208.581147
24 3319.208352
24 3421.763951
24 3513.022824
24 3609.542323
24 3727.218959
24 3819.831365
24 3872.836533
24 3967.088153
24 4022.120152
24 4122.501102
24 4160.992501
24 4194.372590
24 4247.715923
24 4326.325205
24 4373.872642
24 4448.653685
24 4529.137716
24 4550.821460
24 4613.477821
24 4697.534470
24 4742.947504
24 4794.942463
24 4876.004423
24 4957.800521
24 4995.791147
24 5069.145084
24 5116.772423
24 5221.893412
24 5276.459300
24 5334.378684
24 5426.393835
24 5490.390928
24 5553.455346
24 5618.252122
24 5681.560845
24 5776.452178
24 5864.267724
24 5926.054588
25 91.952323
25 177.102586
25 278.868348
25 335.583800
25 422.039845
25 494.766712
25 537.000314
25 590.395669
25 636.841931
25 740.994218
25 817.539559
25 876.208351
25 940.211817
25 1035.730236
25 1106.362707
25 1144.814866
25 1227.279612
25 1281.018078
25 1331.543249
25 1402.626323
25 1494.956377
25 1557.537337
25 1613.064779
25 1721.407266
25 1763.086620
25 1867.434967
25 1979.784981
25 2042.446596
25 2111.848506
25 2204.210838
25 2243.589825
25 2294.947593
25 2401.336880
25 2442.095749
25 2489.904735
25 2520.840332
25 2636.134785
25 2723.841795
25 2801.387747
25 2869.984447
25 2935.950069
25 3016.746314
25 3100.940143
25 3150.366148
25 3233.881890
25 3289.438653
25 3354.459678
25 3409.780479
25 3507.266625
25 3550.830371
25 3654.480467
25 3717.469670
25 3782.087325
25 3808.129598
25 3913.953941
25 4010.802909
25 4086.839147
25 4152.524418
25 4228.507605
25 4301.895650
25 4372.587849
25 4469.616752
25 4498.789294
25 4581.209793
25 4649.630399
25 4697.956492
25 4745.178187
25 4845.453783
25 4902.911163
25 4955.535378
25 5023.312944
25 5110.411408
25 5204.796709
25 5268.957545
25 5321.998696
25 5419.748944
25 5493.264042
25 5597.186079
25 5651.189409
25 5721.082349
25 5770.280473
25 5837.561495
25 5878.681364
25 5980.257144
26 72.847014
26 141.382155
26 214.049300
26 310.103883
26 359.588514
26 420.826964
26 516.436161
26 567.237005
26 652.265076
26 747.979168
26 831.289521
26 853.759903
26 943.292861
26 1024.424357
26 1107.058721
26 1228.269236
26 1277.400328
26 1314.992427
26 1374.015470
26 1430.813823
26 1497.098586
26 1561.514645
26 1642.303706
26 1725.503734
26 1843.907826
26 1896.891230
26 2039.755104
26 2061.796074
26 2169.520117
26 2273.376184
26 2360.022599
26 2423.001906
26 2475.293907
26 2574.407114
26 2686.533927
26 2776.591866
26 2861.436137
26 2926.460135
26 2974.050013
26 3009.434945
26 3077.063368
26 3164.670870
26 3210.785312
26 3261.512445
26 3338.721325
26 3420.376569
26 3503.470540
26 3589.123120
26 3602.956265
26 3656.749187
26 3760.467127
26 3818.552656
26 3892.956237
26 3930.078186
26 4008.670359
26 4066.111514
26 4153.579891
26 4210.356935
26 4236.432716
26 4311.389619
26 4400.998608
26 4465.616190
26 4573.958652
26 4697.161072
26 4775.971577
26 4828.250349
26 4892.893238
26 4977.105701
26 5061.662478
26 5147.666004
26 5280.047176
26 5354.680222
26 5454.852475
26 5529.893090
26 5593.369254
26 5678.201375
26 5737.283088
26 5793.117133
26 5876.989729
26 5956.094622
27 70.444298
27 152.496016
27 226.366967
27 332.754216
27 389.330883
27 444.195983
27 497.622039
27 588.432458
27 661.452583
27 740.570040
27 790.422980
27 877.194923
27 960.424919
27 1040.900153
27 1097.438918
27 1146.606794
27 1243.231743
27 1285.387960
27 1365.751462
27 1454.803278
27 1534.111754
27 1614.312885
27 1702.954096
27 1752.493893
27 1827.213906
27 1879.927533
27 1968.208897
27 2062.030830
27 2156.630172
27 2242.867187
27 2327.010830
27 2401.284402
27 2446.190040
27 2510.573797
27 2580.056791
27 2700.978722
27 2774.474688
27 2836.798721
27 2914.462255
27 2987.765020
27 3051.389905
27 3143.846695
27 3216.856832
27 3304.143535
27 3394.054007
27 3519.522749
27 3563.488686
27 3657.116202
27 3742.511175
27 3782.642031
27 3856.459815
27 3911.050623
27 4009.407449
27 4086.989744
27 4133.638701
27 4188.448616
27 4249.669043
27 4311.471783
27 4392.852235
27 4470.423952
27 4556.411052
27 4616.703893
27 4714.501563
27 4799.216184
27 4914.710615
27 4964.949635
27 5021.061273
27 5117.818270
27 5182.722342
27 5280.772988
27 5328.792059
27 5399.620625
27 5490.770773
27 5562.682774
27 5642.134837
27 5737.547451
27 5812.288187
27 5904.704125
27 5995.891803
28 58.448784
28 151.762869
28 210.331662
28 336.107647
28 405.267016
28 514.824393
28 626.827121
28 697.152469
28 814.429185
28 874.832517
28 941.984759
28 1024.558986
28 1115.079461
28 1216.140948
28 1258.628426
28 1315.506824
28 1372.115417
28 1486.540823
28 1553.455673
28 1611.899864
28 1701.317796
28 1741.722624
28 1830.861691
28 1927.647719
28 2012.692874
28 2062.740779
28 2144.884616
28 2197.619410
28 2289.071792
28 2390.153614
28 2466.701917
28 2530.445935
28 2578.438410
28 2666.515355
28 2700.927042
28 2761.566032
28 2833.476553
28 2915.641592
28 2987.718966
28 3074.528247
28 3140.532120
28 3202.463944
28 3322.014363
28 3415.941142
28 3477.750756
28 3563.470192
28 3633.346566
28 3706.201995
28 3780.366836
28 3855.138792
28 3928.907879
28 4000.481936
28 4059.907989
28 4100.617958
28 4223.061392
28 4285.835179
28 4373.716918
28 4444.416943
28 4530.685321
28 4615.766274
28 4649.066685
28 4772.411568
28 4844.827813
28 4951.650008
28 5065.219085
28 5147.993833
28 5233.616117
28 5355.368754
28 5415.103844
28 5452.913632
28 5509.072198
28 5576.110564
28 5650.672771
28 5724.584701
28 5838.398519
28 5902.035256
28 5954.340221
28 5980.449921
29 30.501973
29 108.039756
29 194.659311
29 288.769823
29 333.625877
29 426.042368
29 485.183752
29 544.534339
29 608.476203
29 704.311722
29 778.857052
29 901.481063
29 973.351797
29 1022.268263
29 1107.715226
29 1148.280424
29 1211.734698
29 1253.200416
29 1332.794534
29 1467.307281
29 1561.184002
29 1654.195470
29 1701.835650
29 1762.280069
29 1827.246543
29 1906.457974
29 2002.156465
29 2041.155768
29 2089.233494
29 2132.404029
29 2171.116780
29 2241.552016
29 2314.491220
29 2377.459556
29 2465.300424
29 2550.978089
29 2577.928279
29 2636.501495
29 2725.282849
29 2811.224253
29 2903.630696
29 3008.396374
29 3071.150630
29 3117.820722
29 3235.655986
29 3309.439438
29 3383.227344
29 3440.724780
29 3499.490589
29 3518.575608
29 3568.499754
29 3658.067564
29 3680.267792
29 3739.612815
29 3822.207147
29 3910.323220
29 3957.928286
29 4047.313073
29 4143.862563
29 4202.942381
29 4335.585021
29 4402.225867
29 4465.634546
29 4577.891541
29 4647.118127
29 4724.520721
29 4782.670766
29 4891.332816
29 4954.178825
29 5046.999352
29 5117.532684
29 5167.725229
29 5251.476127
29 5320.390871
29 5409.768302
29 5456.291800
29 5490.587561
29 5579.940779
29 5691.263050
29 5728.277978
29 5778.070763
29 5858.584958
29 5951.224580
29 5995.453109
30 75.652953
30 169.279617
30 244.560913
30 309.537925
30 405.776944
30 492.368299
30 585.473958
30 683.735512
30 755.569134
30 816.249312
30 861.298263
30 926.436436
30 1001.980287
30 1107.604720
30 1210.697488
30 1291.582613
30 1388.368934
30 1462.645935
30 1541.305252
30 1549.477935
30 1652.710511
30 1739.989081
30 1842.329227
30 1921.700117
30 2015.731900
30 2118.975516
30 2182.172781
30 2259.571589
30 2346.813207
30 2419.942285
30 2493.539905
30 2584.950196
30 2644.627856
30 2752.485250
30 2803.623329
30 2894.720593
30 2935.287256
30 3015.961559
30 3039.243332
30 3102.933192
30 3149.664988
30 3236.217425
30 3291.992939
30 3351.779035
30 3459.155999
30 3518.694422
30 3589.047012
30 3657.119034
30 3706.805056
30 3780.408029
30 3856.545230
30 3914.686150
30 3937.640364
30 4007.644481
30 4058.733417
30 4104.240324
30 4205.308547
30 4283.477767
30 4338.172095
30 4417.829286
30 4545.832322
30 4616.734490
30 4691.546174
30 4740.509697
30 4851.907017
30 4912.978734
30 5002.659200
30 5084.140319
30 5188.697630
30 5246.610618
30 5302.870368
30 5391.358555
30 5464.054517
30 5561.127946
30 5647.737686
30 5736.408240
30 5800.652276
30 5908.440155
30 5977.320951
31 67.716012
31 155.120586
31 227.533125
31 296.103561
31 369.114912
31 405.781703
31 495.955443
31 584.832244
31 674.313087
31 758.161665
31 875.632708
31 977.801545
31 1073.372815
31 1143.297424
31 1212.233987
31 1292.883365
31 1370.795222
31 1439.916824
31 1514.524794
31 1627.829782
31 1765.199627
31 1842.696893
31 1909.042069
31 1965.890132
31 2079.662271
31 2170.831006
31 2204.900454
31 2257.106372
31 2357.669047
31 2441.649713
31 2489.113792
31 2578.150573
31 2649.014949
31 2756.730134
31 2832.926539
31 2939.633868
31 2986.740999
31 3069.392465
31 3156.532384
31 3210.835143
31 3290.531939
31 3376.515326
31 3444.131329
31 3487.799556
31 3572.471444
31 3686.953751
31 3763.537439
31 3808.932565
31 3889.123900
31 3931.609890
31 4020.207966
31 4104.316157
31 4205.676586
31 4276.454620
31 4376.208771
31 4491.453692
31 4530.011034
31 4615.060032
31 4694.259941
31 4795.602052
31 4853.074468
31 4956.037265
31 5061.579426
31 5117.446433
31 5185.351654
31 5272.468083
31 5323.386936
31 5408.600069
31 5469.324953
31 5554.088634
31 5635.205616
31 5690.487187
31 5772.567814
31 5861.545962
31 5910.732055
31 5995.304353
32 64.919641
32 155.156957
32 230.215888
32 333.439895
32 407.043776
32 461.985148
32 517.267912
32 570.462550
32 625.339491
32 679.839469
32 733.009635
32 817.166341
32 958.810650
32 1018.266827
32 1101.864268
32 1187.968518
32 1347.430744
32 1426.995792
32 1512.139866
32 1596.039697
32 1683.992084
32 1761.866169
32 1861.131178
32 1930.405366
32 1996.294509
32 2066.562151
32 2156.394169
32 2239.599039
32 2293.782450
32 2360.004728
32 2401.088215
32 2490.855417
32 2574.767048
32 2654.711174
32 2740.673479
32 2801.754997
32 2941.312523
32 3045.737799
32 3103.961492
32 3235.903316
32 3306.797810
32 3396.744994
32 3442.817717
32 3530.084295
32 3594.237754
32 3659.233331
32 3712.427020
32 3745.121079
32 3819.622235
32 3884.469511
32 4002.820197
32 4075.929841
32 4175.864883
32 4238.373282
32 4320.474645
32 4388.487628
32 4490.685894
32 4555.816653
32 4649.424259
32 4753.525436
32 4782.262069
32 4852.039636
32 4919.261847
32 4975.676974
32 5060.294066
32 5146.135683
32 5272.142058
32 5367.381622
32 5491.855353
32 5578.582500
32 5694.358114
32 5731.709921
32 5813.239305
32 5905.602336
32 5950.154448
33 71.536785
33 199.821439
33 254.311054
33 368.334296
33 429.819221
33 537.276567
33 638.933295
33 661.815710
33 794.596083
33 884.706631
33 961.478679
33 1024.954129
33 1048.792556
33 1140.806927
33 1229.315452
33 1325.116323
33 1372.586387
33 1440.437285
33 1565.001570
33 1652.943940
33 1764.568253
33 1827.728079
33 1907.682299
33 1990.824615
33 2087.427426
33 2208.114276
33 2237.486742
33 2338.396861
33 2382.656220
33 2496.603201
33 2578.617835
33 2689.916068
33 2747.152872
33 2839.757848
33 2943.380143
33 2995.362259
33 3043.062284
33 3134.527079
33 3166.116079
33 3232.891726
33 3316.795846
33 3364.905760
33 3450.081148
33 3529.107148
33 3588.449835
33 3695.132187
33 3743.578872
33 3838.927951
33 3959.282291
33 4078.271216
33 4127.274423
33 4194.589771
33 4263.397529
33 4355.422768
33 4465.059256
33 4551.844548
33 4650.082844
33 4723.119301
33 4799.774059
33 4858.468922
33 4919.030383
33 5024.054550
33 5088.420681
33 5250.306612
33 5338.094360
33 5407.458011
33 5496.145323
33 5576.533777
33 5695.498529
33 5757.331861
33 5863.025015
33 5891.443166
33 5953.596090
34 33.078393
34 151.179972
34 198.449456
34 286.848030
34 380.312876
34 446.172067
34 568.304827
34 617.622226
34 664.090308
34 777.372543
34 879.418651
34 977.083657
34 1109.668199
34 1223.280452
34 1313.972887
34 1345.221372
34 1427.295732
34 1510.273820
34 1593.386792
34 1623.556095
34 1726.877736
34 1780.132027
34 1797.454725
34 1880.115779
34 1958.461369
34 2039.972421
34 2151.302847
34 2220.816553
34 2323.450800
34 2379.223656
34 2470.305145
34 2528.124074
34 2604.803669
34 2683.149792
34 2775.027303
34 2870.618870
34 2943.873283
34 3034.105217
34 3075.858634
34 3184.366621
34 3288.873590
34 3348.000290
34 3388.386829
34 3467.483800
34 3527.207435
34 3626.385283
34 3672.321917
34 3781.795034
34 3855.540089
34 3926.023574
34 4022.301511
34 4099.232911
34 4154.225873
34 4203.229882
34 4312.667155
34 4346.582896
34 4469.694170
34 4549.758377
34 4643.806983
34 4713.462616
34 4816.131797
34 4893.636476
34 4944.323853
34 4996.815588
34 5075.356308
34 5151.482794
34 5205.610133
34 5302.340939
34 5414.130774
34 5533.019423
34 5618.974401
34 5691.661963
34 5785.701725
34 5881.590596
34 5976.536421
35 59.993336
35 118.139023
35 198.684541
35 294.161463
35 351.230740
35 466.420165
35 569.637855
35 674.481567
35 815.110619
35 899.926569
35 978.146498
35 1072.343085
35 1155.246014
35 1229.834063
35 1290.867032
35 1348.774743
35 1445.807620
35 1561.133059
35 1602.733135
35 1700.655265
35 1783.406507
35 1881.745717
35 2002.306200
35 2064.184090
35 2163.264267
35 2262.579428
35 2403.413014
35 2443.142904
35 2589.328540
35 2675.019132
35 2756.970406
35 2853.563711
35 2881.413111
35 2983.515542
35 3077.229554
35 3180.431343
35 3261.395576
35 3334.977877
35 3396.007955
35 3441.188397
35 3518.308710
35 3602.542518
35 3674.174752
35 3776.677933
35 3823.979095
35 3891.981519
35 3936.117386
35 4036.573852
35 4124.834118
35 4154.252048
35 4250.532751
35 4310.698397
35 4415.233440
35 4528.456367
35 4570.349199
35 4617.842534
35 4691.040303
35 4796.126072
35 4912.544438
35 4975.379032
35 5062.416934
35 5127.724179
35 5177.467177
35 5281.078809
35 5355.389855
35 5462.091531
35 5579.214158
35 5664.248215
35 5755.565701
35 5801.759229
35 5911.727501
35 5969.143067
36 72.068859
36 149.516524
36 248.392952
36 330.485021
36 446.833590
36 494.957189
36 584.246585
36 661.002504
36 727.158163
36 811.934724
36 878.785393
36 963.043496
36 1046.869761
36 1107.939721
36 1173.532442
36 1229.211718
36 1331.031575
36 1374.052059
36 1450.868571
36 1564.714766
36 1646.167599
36 1732.926955
36 1800.586215
36 1879.062208
36 1933.719515
36 2042.189875
36 2129.503741
36 2207.631169
36 2277.924048
36 2361.384312
36 2455.166759
36 2491.132436
36 2580.514199
36 2625.140607
36 2744.292526
36 2801.178524
36 2914.778633
36 3004.437473
36 3091.715260
36 3163.296737
36 3236.178617
36 3262.433576
36 3374.085600
36 3443.657995
36 3519.021170
36 3613.827265
36 3710.290670
36 3803.209774
36 3854.247036
36 3956.874568
36 4062.511638
36 4136.207907
36 4215.728736
36 4327.131863
36 4392.686136
36 4492.544348
36 4559.785652
36 4652.206845
36 4783.308145
36 4867.104058
36 4940.385093
36 4984.743702
36 5089.566722
36 5187.507849
36 5272.587191
36 5373.595146
36 5440.802978
36 5527.197019
36 5652.041162
36 5771.009760
36 5837.826370
36 5878.550559
36 5979.599200
37 40.834521
37 107.487690
37 232.966253
37 339.674805
37 344.535859
37 438.377548
37 552.139494
37 603.426041
37 680.044425
37 758.529791
37 817.601645
37 900.401438
37 982.260507
37 1043.237030
37 1110.847472
37 1198.700454
37 1258.229057
37 1311.925756
37 1392.649528
37 1491.535549
37 1594.181516
37 1721.892256
37 1780.555045
37 1843.680476
37 1920.622852
37 1994.026664
37 2065.428748
37 2132.659465
37 2215.034779
37 2307.976983
37 2360.609599
37 2414.241128
37 2464.879424
37 2531.003879
37 2610.397527
37 2665.817126
37 2772.823589
37 2837.212936
37 2915.422139
37 3028.411257
37 3104.799087
37 3209.421204
37 3338.081311
37 3408.591304
37 3500.888233
37 3576.262750
37 3652.482933
37 3743.035856
37 3778.022731
37 3888.952516
37 3963.239375
37 4090.724202
37 4152.497271
37 4250.789916
37 4300.679062
37 4422.330153
37 4543.156433
37 4639.239421
37 4751.270152
37 4805.564308
37 4914.897166
37 5017.541807
37 5119.850721
37 5226.845860
37 5281.173060
37 5362.600006
37 5407.862872
37 5509.117629
37 5600.778547
37 5696.386845
37 5779.876943
37 5843.759002
37 5932.605134
38 98.985382
38 172.005261
38 272.414191
38 393.772147
38 445.202587
38 529.944519
38 681.475202
38 730.282359
38 859.044684
38 944.442377
38 1046.567495
38 1146.477974
38 1228.083389
38 1307.741089
38 1410.826002
38 1496.559505
38 1568.833411
38 1675.316830
38 1792.475891
38 1842.518315
38 1954.977534
38 2031.057347
38 2134.004249
38 2240.683337
38 2308.591030
38 2360.653689
38 2443.260057
38 2529.982073
38 2634.532499
38 2715.673654
38 2839.008260
38 2941.074753
38 2987.630895
38 3058.779364
38 3183.164158
38 3290.187593
38 3397.046278
38 3417.524689
38 3490.171020
38 3568.219314
38 3650.580678
38 3750.925516
38 3874.097277
38 3922.442420
38 3961.171369
38 4046.074916
38 4084.782952
38 4146.377012
38 4186.252991
38 4258.410497
38 4341.948102
38 4401.009220
38 4469.129168
38 4571.195711
38 4648.186776
38 4740.772895
38 4796.235139
38 4891.841210
38 4972.764310
38 5078.303473
38 5149.387370
38 5226.821409
38 5324.305482
38 5405.228243
38 5508.972794
38 5549.234343
38 5632.269287
38 5728.248996
38 5811.217029
38 5893.038295
38 5953.939802
39 116.901659
39 227.121170
39 275.185269
39 404.404477
39 490.264495
39 589.418384
39 665.426084
39 747.226786
39 830.948768
39 916.594449
39 1071.085280
39 1140.058495
39 1227.399169
39 1258.855351
39 1348.399357
39 1441.139978
39 1524.383580
39 1565.936556
39 1644.938522
39 1702.817134
39 1764.410119
39 1845.070566
39 1933.804474
39 1985.312914
39 2087.314803
39 2172.653640
39 2237.177614
39 2316.783914
39 2404.129604
39 2491.104290
39 2566.429159
39 2632.310152
39 2743.588663
39 2835.687070
39 2906.556384
39 2940.783322
39 3055.370012
39 3098.663233
39 3167.213620
39 3256.531693
39 3364.162909
39 3490.140048
39 3541.581382
39 3611.819294
39 3662.976824
39 3808.199085
39 3934.163756
39 3993.968814
39 4110.673023
39 4223.012280
39 4288.257160
39 4302.231402
39 4450.641490
39 4548.839764
39 4655.693809
39 4723.546080
39 4805.228560
39 4878.283416
39 4943.342416
39 5006.244366
39 5116.105823
39 5185.066700
39 5349.510772
39 5420.287798
39 5527.808644
39 5651.589052
39 5721.411289
39 5779.829127
39 5861.908614
39 5954.587528
40 96.847788
40 174.179809
40 253.909804
40 333.847074
40 429.579705
40 490.285620
40 623.380459
40 722.568130
40 744.463690
40 814.463120
40 878.707364
40 916.081730
40 1021.005518
40 1108.581793
40 1245.350855
40 1364.334540
40 1463.608636
40 1528.214508
40 1614.398911
40 1782.428406
40 1888.309899
40 1984.056488
40 2036.660410
40 2168.846422
40 2289.211264
40 2308.073320
40 2403.298209
40 2466.671919
40 2546.568656
40 2648.590162
40 2744.831299
40 2879.105446
40 2954.812372
40 3019.119244
40 3136.517649
40 3242.071388
40 3358.303693
40 3443.106990
40 3524.238750
40 3641.499844
40 3673.440736
40 3760.195464
40 3857.793507
40 3930.505786
40 4045.561814
40 4157.289769
40 4255.121115
40 4355.976089
40 4417.508928
40 4530.543516
40 4613.933481
40 4705.788543
40 4764.850218
40 4836.148706
40 4914.686172
40 5039.206924
40 5091.698485
40 5218.280314
40 5253.156852
40 5303.421035
40 5371.630749
40 5481.433704
40 5641.558765
40 5694.442265
40 5829.225694
40 5953.399193
41 95.353630
41 174.444299
41 257.853153
41 367.525016
41 457.711930
41 557.267483
41 691.254657
41 772.920975
41 901.554401
41 963.142260
41 1070.606296
41 1161.166572
41 1253.888889
41 1345.144004
41 1485.468207
41 1584.713562
41 1704.101725
41 1798.761280
41 1901.400563
41 1958.622305
41 2042.164323
41 2110.593164
41 2167.052508
41 2242.989320
41 2306.618077
41 2392.691939
41 2465.736915
41 2557.866785
41 2606.938413
41 2735.938623
41 2871.212815
41 2940.980127
41 3023.336575
41 3106.883217
41 3155.984513
41 3232.935709
41 3349.337475
41 3414.300242
41 3488.239426
41 3536.055997
41 3630.934230
41 3687.817727
41 3709.551858
41 3761.314942
41 3819.081773
41 3901.454355
41 4013.953486
41 4100.967162
41 4221.548238
41 4303.601337
41 4372.922658
41 4427.655105
41 4529.304861
41 4597.104676
41 4707.914317
41 4813.802854
41 4879.343668
41 4954.172346
41 5028.167828
41 5123.685486
41 5185.375669
41 5306.362654
41 5458.980287
41 5575.410679
41 5703.758084
41 5797.573797
41 5890.561113
41 5995.104343
42 101.981080
42 199.023274
42 220.817123
42 307.370177
42 388.612763
42 515.246632
42 606.739791
42 666.107610
42 732.811346
42 815.123820
42 924.967688
42 1023.835871
42 1046.882741
42 1141.505635
42 1207.275429
42 1318.407586
42 1442.297129
42 1550.746279
42 1592.929117
42 1673.544783
42 1751.981143
42 1842.965033
42 1946.232025
42 2015.249537
42 2102.844653
42 2168.706555
42 2295.541684
42 2360.834048
42 2457.061868
42 2507.904836
42 2585.941272
42 2745.150755
42 2881.290269
42 2956.231058
42 2988.294344
42 3108.079252
42 3209.048055
42 3263.178843
42 3345.424749
42 3423.140648
42 3488.213107
42 3510.245682
42 3603.484471
42 3698.124369
42 3762.447218
42 3819.801315
42 3927.329433
42 4006.109598
42 4056.484200
42 4126.950339
42 4222.249033
42 4311.494610
42 4411.532821
42 4531.713756
42 4575.968259
42 4643.606507
42 4789.585034
42 4851.972758
42 4955.942620
42 5040.472769
42 5147.985606
42 5249.792887
42 5326.834851
42 5420.782321
42 5460.017877
42 5508.874718
42 5579.374247
42 5661.241097
42 5723.878147
42 5840.116013
42 5927.368677
43 73.422608
43 148.287414
43 220.713269
43 318.025051
43 380.911105
43 463.276794
43 568.453305
43 660.286459
43 760.883203
43 858.998104
43 921.192390
43 976.911354
43 1068.818662
43 1103.222025
43 1211.743199
43 1249.658968
43 1356.696394
43 1466.916833
43 1554.457007
43 1639.881760
43 1719.180530
43 1797.076207
43 1895.233892
43 2003.294677
43 2086.206411
43 2101.426003
43 2198.495338
43 2293.961975
43 2384.598686
43 2472.338549
43 2563.398098
43 2683.690947
43 2755.706920
43 2802.078955
43 2880.349234
43 2970.248649
43 3137.286148
43 3225.135042
43 3299.824281
43 3418.461132
43 3514.854522
43 3570.253583
43 3657.740260
43 3758.066712
43 3828.530985
43 3900.614346
43 4004.960252
43 4076.670224
43 4175.256275
43 4278.476483
43 4356.907456
43 4489.757679
43 4616.430742
43 4688.136061
43 4802.506419
43 4875.692358
43 5021.982349
43 5117.329512
43 5225.724249
43 5306.459789
43 5432.720212
43 5473.189701
43 5596.785750
43 5694.661661
43 5753.576113
43 5906.103678
43 5994.673576
44 107.034255
44 180.255965
44 291.429412
44 368.859090
44 461.198219
44 511.596476
44 653.953657
44 717.876401
44 787.731819
44 852.150600
44 916.298644
44 1048.668822
44 1133.616614
44 1211.514530
44 1290.166232
44 1391.227656
44 1462.134227
44 1591.361681
44 1701.132131
44 1803.299245
44 1841.310983
44 1912.512515
44 2022.269000
44 2117.994794
44 2208.521148
44 2314.508167
44 2392.367240
44 2457.624618
44 2536.638205
44 2604.473131
44 2649.252187
44 2683.162775
44 2818.991130
44 2956.486139
44 3046.822650
44 3107.575824
44 3262.500580
44 3354.454495
44 3460.636262
44 3536.254691
44 3591.711028
44 3713.139469
44 3777.709697
44 3856.355299
44 3930.518944
44 4041.274347
44 4156.393818
44 4256.108286
44 4323.922312
44 4427.076071
44 4566.618163
44 4670.007979
44 4736.163501
44 4845.682215
44 4937.167217
44 5050.533976
44 5147.644837
44 5249.951019
44 5375.293006
44 5460.848532
44 5595.355728
44 5651.404662
44 5772.534252
44 5859.975025
44 5992.768049
45 82.534542
45 118.644660
45 199.539260
45 303.661577
45 423.089188
45 568.146952
45 636.214676
45 740.391909
45 886.599886
45 1023.525286
45 1124.742661
45 1213.087391
45 1343.008391
45 1441.805988
45 1565.685352
45 1656.423831
45 1704.045916
45 1800.234903
45 1876.861871
45 1937.938403
45 1984.290024
45 2083.128697
45 2171.466032
45 2263.418867
45 2309.850483
45 2422.860001
45 2527.440385
45 2632.301553
45 2744.047666
45 2836.823550
45 2941.247133
45 2987.353077
45 3102.863317
45 3183.252739
45 3226.859426
45 3296.092220
45 3414.279344
45 3533.231090
45 3576.055231
45 3680.824293
45 3777.432985
45 3932.523555
45 4078.165924
45 4194.624482
45 4330.220481
45 4452.783294
45 4543.411968
45 4641.004659
45 4757.313104
45 4852.129833
45 4981.273228
45 5081.000239
45 5201.046098
45 5315.925160
45 5441.025523
45 5554.521781
45 5639.866634
45 5819.411646
45 5950.478530
46 56.183257
46 117.641462
46 225.803199
46 341.617199
46 474.979091
46 587.838166
46 659.226536
46 749.904199
46 857.784702
46 961.213674
46 1026.063694
46 1130.460459
46 1283.841833
46 1359.727315
46 1438.360578
46 1543.440424
46 1647.179951
46 1759.432111
46 1866.324457
46 1984.602399
46 2097.087767
46 2213.485673
46 2315.129563
46 2421.033756
46 2528.367630
46 2648.057466
46 2741.349749
46 2848.409065
46 2932.954180
46 3023.053706
46 3135.837403
46 3210.697172
46 3262.610102
46 3363.381395
46 3486.314772
46 3588.235346
46 3714.431636
46 3801.951948
46 3876.286931
46 4008.373685
46 4112.859258
46 4217.969141
46 4302.127202
46 4357.290348
46 4468.749891
46 4558.038026
46 4622.134799
46 4661.461971
46 4771.010837
46 4847.373611
46 4924.219467
46 5011.814130
46 5165.904068
46 5250.365768
46 5405.812827
46 5513.769742
46 5670.188673
46 5775.319250
46 5879.263056
46 5952.413379
47 103.807130
47 198.672262
47 304.850703
47 348.248048
47 370.861545
47 437.535533
47 551.976072
47 610.132426
47 710.342212
47 774.282861
47 838.629265
47 941.605627
47 1024.028116
47 1084.788250
47 1139.491374
47 1250.361963
47 1358.322434
47 1468.550869
47 1593.169179
47 1685.283626
47 1807.857694
47 1876.884340
47 1972.471328
47 2063.237390
47 2142.764382
47 2246.409661
47 2333.207531
47 2465.294892
47 2536.087414
47 2581.351037
47 2684.385486
47 2770.158434
47 2839.114736
47 2932.881174
47 2953.045834
47 3009.717549
47 3078.548483
47 3177.389328
47 3232.841976
47 3338.168575
47 3389.396426
47 3485.066359
47 3518.246951
47 3589.285293
47 3741.985653
47 3808.908975
47 3889.447291
47 3980.646418
47 4056.673158
47 4186.571520
47 4250.956028
47 4352.935919
47 4509.942412
47 4595.589593
47 4708.574547
47 4740.763648
47 4838.312826
47 4935.353336
47 5000.436996
47 5074.410112
47 5181.720543
47 5249.014663
47 5307.087620
47 5406.587433
47 5447.317258
47 5594.471194
47 5640.988439
47 5720.314158
47 5758.833838
47 5861.839539
47 5928.085393
48 42.571329
48 133.907729
48 197.623884
48 307.797516
48 439.476210
48 587.226134
48 670.618328
48 769.122914
48 835.749074
48 943.439143
48 1002.120163
48 1105.875687
48 1215.648579
48 1344.386948
48 1391.605150
48 1497.641634
48 1657.058450
48 1774.404590
48 1874.556878
48 1936.953221
48 2034.113544
48 2110.681665
48 2207.939126
48 2339.992269
48 2446.469051
48 2571.865411
48 2664.786148
48 2742.588773
48 2853.277630
48 2916.712185
48 3006.508200
48 3069.475788
48 3162.243903
48 3260.864306
48 3342.558653
48 3423.913002
48 3433.768916
48 3541.682096
48 3657.096946
48 3801.651599
48 3958.149491
48 4038.519377
48 4190.785076
48 4356.828876
48 4402.418603
48 4448.249745
48 4540.104150
48 4637.158475
48 4753.211956
48 4848.541863
48 4974.023488
48 5039.185799
48 5116.775287
48 5249.267099
48 5323.757823
48 5423.876894
48 5573.744086
48 5640.971422
48 5776.311446
48 5903.544190
48 5993.125567
49 74.024831
49 141.447568
49 231.253469
49 359.937880
49 420.650959
49 486.511323
49 587.313663
49 756.550677
49 888.517747
49 1109.460846
49 1141.399169
49 1315.097451
49 1405.943292
49 1490.037277
49 1539.948074
49 1688.908325
49 1808.431342
49 1879.857985
49 1975.643604
49 2066.810277
49 2128.049583
49 2328.920621
49 2422.993485
49 2562.593333
49 2722.548773
49 2855.372376
49 2904.281621
49 3066.515434
49 3165.008438
49 3289.718796
49 3436.282657
49 3484.937218
49 3585.891687
49 3712.709287
49 3875.878233
49 4006.961840
49 4154.510112
49 4221.968650
49 4345.562277
49 4410.629236
49 4549.328799
49 4646.893746
49 4715.968612
49 4846.996664
49 4973.244458
49 5116.879602
49 5204.511149
49 5352.601760
49 5410.416603
49 5597.842586
49 5752.125132
49 5820.172275
49 5924.816909
50 52.214310
50 151.016307
50 225.512954
50 373.386507
50 457.575450
50 551.640135
50 623.672498
50 697.555193
50 820.323996
50 977.180560
50 1047.101105
50 1124.506022
50 1210.037102
50 1285.258847
50 1434.027137
50 1550.693767
50 1687.895494
50 1762.206350
50 1875.113647
50 1986.399451
50 2079.583513
50 2207.202247
50 2295.702644
50 2390.947680
50 2529.898434
50 2585.321455
50 2648.424043
50 2698.549546
50 2755.196109
50 2847.773623
50 3043.477248
50 3108.902285
50 3234.031167
50 3312.309629
50 3455.819967
50 3533.612838
50 3631.235864
50 3806.424375
50 3852.655688
50 3986.641823
50 4116.343593
50 4164.064922
50 4251.582277
50 4324.324844
50 4425.008620
50 4578.222598
50 4679.692188
50 4781.769446
50 4911.888464
50 4998.878576
50 5055.689873
50 5117.110643
50 5220.973852
50 5353.361841
50 5405.845393
50 5509.529758
50 5620.601639
50 5719.604989
50 5842.805982
50 5896.174485
51 198.040556
51 336.454268
51 512.935332
51 647.133389
51 798.754620
51 880.617178
51 978.037545
51 1046.811085
51 1125.571804
51 1201.984607
51 1317.146639
51 1371.691526
51 1394.494598
51 1533.340451
51 1623.324357
51 1673.124593
51 1789.819916
51 1901.437888
51 1983.448614
51 2083.647085
51 2152.103386
51 2239.100639
51 2392.952524
51 2474.181101
51 2561.675941
51 2684.145653
51 2853.860370
51 2947.627394
51 3017.420985
51 3129.985506
51 3235.191462
51 3321.373829
51 3467.533272
51 3555.170115
51 3654.793099
51 3778.967090
51 3923.675889
51 3981.907230
51 4103.687312
51 4223.786724
51 4272.601113
51 4376.808597
51 4528.983263
51 4696.820811
51 4831.169762
51 4943.881598
51 5058.805807
51 5196.621247
51 5305.946362
51 5422.466791
51 5554.190552
51 5650.811198
51 5809.684335
51 5879.213523
51 5978.760488
52 151.934907
52 226.278570
52 283.018384
52 365.281063
52 492.090321
52 547.123606
52 646.648747
52 722.083013
52 893.669856
52 959.565580
52 1070.410064
52 1247.123019
52 1365.418951
52 1447.472796
52 1628.526707
52 1739.638919
52 1840.070822
52 1913.908776
52 2013.170272
52 2096.000127
52 2199.676797
52 2309.618808
52 2389.790184
52 2515.600544
52 2681.400809
52 2810.145697
52 2957.483947
52 3073.737805
52 3224.461521
52 3334.004249
52 3502.815559
52 3607.405475
52 3715.412521
52 3838.786124
52 3928.431766
52 4073.208169
52 4222.694669
52 4380.538717
52 4476.303887
52 4616.429464
52 4700.979591
52 4834.847736
52 4920.125088
52 5030.752220
52 5120.025080
52 5304.520310
52 5463.083589
52 5530.305079
52 5644.219172
52 5824.431331
52 5924.720381
53 112.914738
53 162.958725
53 272.323413
53 370.597880
53 465.983999
53 663.288449
53 732.908088
53 863.751894
53 940.121861
53 1003.869953
53 1107.949885
53 1248.178227
53 1390.881544
53 1493.060879
53 1574.455433
53 1671.977416
53 1799.183408
53 1908.429471
53 2041.682786
53 2170.836103
53 2259.976882
53 2422.088373
53 2534.590833
53 2678.150812
53 2732.859945
53 2870.082300
53 2996.418137
53 3055.228264
53 3156.793408
53 3206.879530
53 3345.707119
53 3481.173112
53 3630.474257
53 3779.653822
53 3889.359897
53 4014.563623
53 4111.833018
53 4221.563978
53 4378.899043
53 4474.494313
53 4612.945835
53 4705.849778
53 4829.655450
53 4970.639645
53 5101.032671
53 5228.847203
53 5320.478777
53 5440.811267
53 5512.816660
53 5636.118672
53 5784.166130
53 5893.227029
53 5995.372693
54 99.443032
54 247.988287
54 375.018452
54 442.674687
54 603.486772
54 819.359359
54 898.772546
54 1002.966192
54 1072.122660
54 1154.567377
54 1253.595267
54 1365.084309
54 1461.271093
54 1595.613656
54 1703.432062
54 1798.864630
54 1983.587652
54 2084.218668
54 2174.388966
54 2321.273311
54 2498.321481
54 2578.940669
54 2676.022077
54 2839.612717
54 2956.447210
54 3010.631009
54 3105.127335
54 3176.003037
54 3240.183935
54 3319.420310
54 3461.741694
54 3552.229691
54 3658.210938
54 3772.178696
54 3889.973360
54 4009.955556
54 4091.699851
54 4237.540317
54 4370.711790
54 4449.142716
54 4594.863363
54 4674.594425
54 4770.453819
54 4912.784735
54 5069.225292
54 5207.820464
54 5303.208402
54 5442.030491
54 5595.070789
54 5731.880539
54 5860.671866
54 5952.947398
55 130.666930
55 336.746490
55 483.654951
55 618.366624
55 674.651307
55 737.174104
55 883.115000
55 919.067592
55 1114.914367
55 1266.420290
55 1352.563782
55 1488.549937
55 1596.241305
55 1774.690555
55 1877.876245
55 1980.777297
55 2085.457863
55 2150.602056
55 2290.179131
55 2392.376110
55 2531.315842
55 2583.316603
55 2648.979730
55 2742.252628
55 2873.143863
55 2992.307099
55 3106.312412
55 3233.391762
55 3394.935832
55 3537.981530
55 3633.838011
55 3730.715745
55 3849.925266
55 3961.725697
55 4075.840891
55 4158.702690
55 4302.362242
55 4425.917770
55 4527.406428
55 4642.384212
55 4739.639294
55 4913.743267
55 5066.237496
55 5215.024879
55 5324.504597
55 5433.637012
55 5599.474278
55 5758.361540
55 5920.050748
56 132.237923
56 337.000259
56 457.397101
56 623.629782
56 757.008078
56 878.380090
56 963.492853
56 1103.812086
56 1223.875780
56 1346.703495
56 1450.306408
56 1616.967075
56 1740.710190
56 1859.036181
56 1956.862932
56 2053.884948
56 2212.695762
56 2339.445870
56 2512.917992
56 2712.654526
56 2816.746963
56 2925.826091
56 3040.633281
56 3240.680778
56 3370.828501
56 3519.272520
56 3599.116088
56 3781.208339
56 3931.357162
56 4043.742803
56 4118.103347
56 4267.175644
56 4412.440845
56 4576.750646
56 4686.065179
56 4847.150913
56 4910.613675
56 5022.792973
56 5117.073199
56 5224.721662
56 5270.676731
56 5453.067341
56 5567.496286
56 5662.219229
56 5778.507906
56 5894.320302
57 67.754985
57 234.358122
57 303.586754
57 438.953891
57 549.937306
57 722.023015
57 860.360411
57 1068.826981
57 1204.441394
57 1307.479257
57 1409.592114
57 1496.038105
57 1606.282433
57 1722.717754
57 1857.653035
57 2010.492470
57 2071.536894
57 2133.675338
57 2293.566301
57 2424.083748
57 2579.071146
57 2682.340936
57 2811.279601
57 2892.001365
57 2983.863723
57 3071.612198
57 3107.659910
57 3188.528888
57 3292.908671
57 3421.295195
57 3548.472422
57 3659.384590
57 3739.411442
57 3858.823372
57 3996.914617
57 4102.401113
57 4196.743178
57 4281.126966
57 4406.187138
57 4546.397518
57 4681.457101
57 4781.711253
57 4846.565094
57 4941.874781
57 5045.784694
57 5186.534293
57 5320.225149
57 5441.171765
57 5615.213741
57 5689.459331
57 5862.875238
57 5954.447044
58 176.789705
58 383.245809
58 490.433885
58 618.358672
58 746.315003
58 833.984820
58 986.597201
58 1063.155207
58 1194.617613
58 1329.062339
58 1485.208450
58 1592.551741
58 1725.438337
58 1907.761487
58 2076.792560
58 2194.269450
58 2309.251604
58 2439.463412
58 2647.652970
58 2703.626959
58 2880.537038
58 2968.715439
58 3075.736632
58 3155.965144
58 3308.420238
58 3468.844814
58 3555.330551
58 3743.929469
58 3778.969649
58 3935.848603
58 4046.734313
58 4221.116231
58 4353.965319
58 4496.381252
58 4615.982872
58 4741.565545
58 4955.500677
58 5023.344938
58 5148.539985
58 5248.748855
58 5304.216474
58 5381.015953
58 5460.115225
58 5579.630158
58 5693.103925
58 5890.860690
59 134.026015
59 274.672052
59 464.584232
59 572.504024
59 720.345240
59 888.277729
59 1027.737237
59 1167.674029
59 1288.759533
59 1432.156590
59 1542.885747
59 1721.936645
59 1843.388180
59 1940.334287
59 2062.300676
59 2118.645213
59 2306.232142
59 2446.618145
59 2607.704562
59 2728.472571
59 2821.385396
59 2984.112021
59 3107.523142
59 3261.496950
59 3434.452118
59 3525.984407
59 3661.024109
59 3752.649465
59 3807.542667
59 3900.231643
59 3961.692962
59 4106.631076
59 4185.464733
59 4344.949027
59 4541.007959
59 4684.643354
59 4775.566663
59 4872.963782
59 5026.468683
59 5184.787030
59 5378.907340
59 5514.570555
59 5622.200801
59 5780.464533
59 5893.033671
59 5994.732477
60 73.296564
60 154.356300
60 242.571287
60 367.984616
60 550.411324
60 677.703783
60 812.651181
60 943.635184
60 1105.418867
60 1284.135562
60 1426.853631
60 1615.518226
60 1777.421555
60 1874.755056
60 2016.803661
60 2161.316202
60 2264.380696
60 2422.808616
60 2523.289299
60 2705.998759
60 2836.189952
60 2920.825482
60 3075.575781
60 3179.916273
60 3398.077983
60 3599.962094
60 3708.595573
60 3874.255078
60 4036.428504
60 4137.102942
60 4301.653652
60 4491.859181
60 4672.982489
60 4938.224142
60 5108.873569
60 5321.096616
60 5513.509069
60 5651.061790
60 5840.737005
60 5890.251220
61 150.243186
61 276.741669
61 494.874245
61 667.868807
61 773.937303
61 873.443167
61 1073.000419
61 1174.065352
61 1297.919613
61 1407.771105
61 1540.729172
61 1701.243087
61 1877.607184
61 2013.434094
61 2172.339216
61 2263.921599
61 2404.006754
61 2490.027285
61 2605.340314
61 2773.257854
61 2882.794099
61 2975.348186
61 3165.281826
61 3358.959972
61 3409.359951
61 3538.511664
61 3659.030197
61 3825.691870
61 3946.462604
61 4124.084265
61 4295.186225
61 4469.414418
61 4641.147693
61 4793.589366
61 4974.648222
61 5115.918667
61 5265.434580
61 5405.960728
61 5514.102326
61 5673.726682
61 5801.651457
61 5998.995464
62 152.528689
62 307.193685
62 515.171427
62 701.626883
62 858.200397
62 956.765267
62 1104.224410
62 1174.464940
62 1408.636843
62 1479.253767
62 1702.002694
62 1928.776987
62 2062.100260
62 2170.388723
62 2326.547756
62 2489.575658
62 2633.211073
62 2801.759985
62 2940.433738
62 3104.920765
62 3287.177912
62 3373.665052
62 3479.495606
62 3574.934953
62 3713.186776
62 3801.798377
62 3959.224987
62 4088.778327
62 4249.705155
62 4390.485368
62 4541.842737
62 4754.880474
62 4911.135313
62 5077.887316
62 5200.166194
62 5369.483522
62 5492.415485
62 5622.104799
62 5730.843951
62 5874.887148
63 144.052267
63 352.713362
63 403.271333
63 537.742627
63 708.818867
63 917.431505
63 1069.647320
63 1287.028284
63 1452.926011
63 1671.094457
63 1828.203089
63 2016.968647
63 2213.059850
63 2362.261623
63 2579.621297
63 2681.955133
63 2853.615266
63 3038.890299
63 3211.436131
63 3365.868536
63 3518.585628
63 3684.342295
63 3854.621695
63 3991.752827
63 4166.609280
63 4292.877584
63 4492.741247
63 4710.938677
63 4889.544867
63 4992.636970
63 5116.703146
63 5232.382320
63 5408.047784
63 5551.653154
63 5711.308064
63 5922.461677
64 154.026010
64 345.049088
64 370.173582
64 456.842818
64 674.694552
64 977.992996
64 1125.482462
64 1372.710144
64 1545.282778
64 1687.711788
64 1824.863313
64 1976.001760
64 2137.590668
64 2262.178140
64 2336.953689
64 2543.727517
64 2740.893878
64 2941.219245
64 3051.708001
64 3076.021902
64 3183.814502
64 3417.851935
64 3559.537218
64 3694.322589
64 3873.806007
64 4061.829034
64 4146.697800
64 4356.377232
64 4533.128254
64 4726.614226
64 4878.029376
64 5040.576372
64 5230.924791
64 5380.382642
64 5579.353965
64 5689.905292
64 5812.668669
64 5981.466815
65 170.306580
65 246.235186
65 423.182525
65 710.980803
65 884.420501
65 1104.854698
65 1311.194789
65 1460.991150
65 1739.513606
65 2014.963913
65 2174.315320
65 2262.432588
65 2387.208956
65 2473.503583
65 2602.153682
65 2917.489071
65 3068.810889
65 3237.656288
65 3441.418630
65 3602.257486
65 3856.752096
65 4045.857604
65 4197.642581
65 4360.404199
65 4480.030866
65 4642.455219
65 4795.558003
65 5008.377752
65 5147.376679
65 5281.690973
65 5423.709983
65 5555.463196
65 5692.424702
65 5925.294717
66 198.719672
66 272.420903
66 443.351735
66 665.253977
66 920.036476
66 1147.335248
66 1349.794901
66 1514.511827
66 1761.758362
66 1896.436621
66 2056.078035
66 2323.163505
66 2517.127330
66 2720.894084
66 2878.174695
66 3079.494127
66 3249.879243
66 3389.132310
66 3590.634448
66 3760.586174
66 3825.311080
66 3979.861310
66 4158.386504
66 4427.739984
66 4640.826314
66 4783.519589
66 4972.733525
66 5249.735738
66 5417.593659
66 5636.280472
66 5808.568513
67 198.342061
67 455.133775
67 707.778942
67 855.318603
67 1137.680205
67 1345.878441
67 1592.959380
67 1759.659282
67 1896.047918
67 2095.361713
67 2217.010502
67 2428.850184
67 2604.577819
67 2753.280808
67 3037.390655
67 3289.697773
67 3569.516044
67 3757.623710
67 3891.339620
67 4046.252206
67 4223.352151
67 4346.262898
67 4379.172794
67 4526.519012
67 4739.144796
67 4875.867871
67 5023.678017
67 5191.892066
67 5474.842561
67 5680.159891
67 5758.024040
67 5931.336275
68 112.155362
68 337.770164
68 516.811178
68 739.212509
68 1046.189942
68 1315.213558
68 1392.967770
68 1560.033740
68 1740.817218
68 1929.937297
68 2214.892087
68 2525.645653
68 2759.233179
68 3038.922388
68 3439.702011
68 3689.672488
68 3891.289525
68 4186.232356
68 4377.415662
68 4572.630156
68 4817.148206
68 4973.426283
68 5140.410797
68 5322.612734
68 5551.839390
68 5755.288351
68 5976.920079
69 197.912698
69 409.024269
69 692.604214
69 855.954009
69 1072.497414
69 1338.930735
69 1488.412652
69 1760.516564
69 2060.817496
69 2205.236447
69 2386.687888
69 2680.757345
69 2955.683879
69 3109.317168
69 3288.579301
69 3517.255412
69 3706.730374
69 3889.163254
69 4154.405179
69 4399.015522
69 4544.579014
69 4574.071912
69 4846.258982
69 5021.570814
69 5186.942478
69 5326.702132
69 5530.681967
69 5777.887300
70 174.795090
70 514.805585
70 691.948050
70 979.743745
70 1139.527649
70 1336.974962
70 1565.474415
70 1828.063131
70 2063.734611
70 2364.624738
70 2633.336159
70 2800.920517
70 3127.734484
70 3422.246430
70 3705.741777
70 3828.909735
70 4038.936452
70 4270.539937
70 4467.653633
70 4787.690494
70 5134.141752
70 5414.398264
70 5671.037391
70 5977.791025
71 232.891036
71 514.470749
71 745.957658
71 926.120261
71 1183.527885
71 1368.838619
71 1631.929083
71 1783.829520
71 2109.080734
71 2296.303826
71 2518.890523
71 2852.368955
71 3070.155192
71 3306.996765
71 3706.223911
71 3932.566623
71 4251.429778
71 4528.740235
71 4680.988852
71 5062.358090
71 5329.524467
71 5549.115455
71 5767.820549
72 85.457484
72 441.105222
72 700.296561
72 982.802873
72 1345.706629
72 1591.989029
72 1808.538415
72 2096.810934
72 2238.666792
72 2518.540202
72 2727.847589
72 3099.607319
72 3335.199012
72 3704.447393
72 4034.301344
72 4194.875552
72 4492.359510
72 4873.524242
72 5287.698388
72 5429.904281
72 5692.488265
72 5953.275661
73 225.208244
73 568.931531
73 940.697841
73 1267.497523
73 1761.602528
73 2059.617420
73 2294.491993
73 2780.364110
73 3266.884802
73 3564.468590
73 3960.981235
73 4399.122672
73 4689.636607
73 4937.940363
73 5374.883767
73 5529.803885
73 5890.169711
74 534.699401
74 700.384707
74 1023.925439
74 1246.218582
74 1667.153875
74 1827.835906
74 2172.184295
74 2391.618899
74 2785.911796
74 3078.845007
74 3475.233929
74 3839.155749
74 4099.979678
74 4446.104027
74 4647.455746
74 5118.320787
74 5383.509408
74 5596.057979
74 5950.436332
