1 57.413120
1 152.733197
1 232.471524
1 273.276442
1 363.175293
1 444.376294
1 553.490064
1 648.643091
1 705.327362
1 783.443664
1 852.125384
1 963.737041
1 1035.258243
1 1116.307437
1 1170.615623
1 1215.090544
1 1298.308153
1 1350.128262
1 1450.248890
1 1488.491384
1 1572.330979
1 1649.063050
1 1742.905102
1 1816.043585
1 1889.314519
1 1972.819653
1 2039.300321
1 2096.514705
1 2198.404365
1 2304.129345
1 2359.030018
1 2458.287417
1 2537.352695
1 2619.332103
1 2712.239462
1 2839.297611
1 2931.356261
1 3031.294157
1 3126.919940
1 3187.766372
1 3284.777532
1 3308.902399
1 3378.027337
1 3480.797127
1 3550.574938
1 3576.915004
1 3676.505143
1 3721.786706
1 3780.821647
1 3849.928505
1 3897.979412
1 3974.613382
1 4041.688940
1 4145.115254
1 4216.085668
1 4297.150744
1 4354.935626
1 4461.017507
1 4530.939961
1 4627.101318
1 4688.646492
1 4775.277315
1 4857.093696
1 4942.963666
1 5000.513653
1 5040.769998
1 5135.514702
1 5176.918675
1 5249.412501
1 5281.650528
1 5347.172377
1 5423.704853
1 5488.206594
1 5568.589172
1 5660.408018
1 5770.151810
1 5819.204665
1 5872.371311
1 5930.884785
1 5984.595265
2 56.474867
2 113.946850
2 201.699282
2 244.614807
2 326.557135
2 413.193419
2 522.654596
2 574.293140
2 656.663329
2 709.927445
2 780.162895
2 892.453351
2 932.396491
2 1000.544172
2 1094.754155
2 1182.789881
2 1249.098681
2 1306.327858
2 1402.262079
2 1448.620829
2 1510.495719
2 1572.888415
2 1663.430651
2 1746.101280
2 1824.976855
2 1872.459804
2 1946.697799
2 2017.985169
2 2083.856137
2 2171.350317
2 2214.834401
2 2262.499142
2 2342.254628
2 2434.901497
2 2483.181814
2 2530.672028
2 2606.465467
2 2670.227013
2 2719.280641
2 2784.244523
2 2846.702874
2 2930.315897
2 3008.683661
2 3073.418214
2 3165.792023
2 3214.598677
2 3247.099068
2 3317.175569
2 3396.421375
2 3415.883456
2 3482.231903
2 3575.513859
2 3651.115198
2 3731.771948
2 3793.100690
2 3862.367312
2 3897.883278
2 3964.224948
2 3993.151103
2 4071.179046
2 4119.085556
2 4173.836717
2 4230.922182
2 4313.981094
2 4396.019775
2 4459.857623
2 4534.793198
2 4631.253810
2 4715.254289
2 4831.652261
2 4914.877971
2 5000.437596
2 5042.951486
2 5111.699451
2 5211.159268
2 5314.605372
2 5369.497368
2 5444.545295
2 5498.778560
2 5559.754683
2 5652.706371
2 5706.987526
2 5813.489158
2 5877.392256
2 5930.423029
2 5984.684845
3 99.466197
3 198.320477
3 258.137663
3 349.708196
3 378.039057
3 448.295750
3 522.216622
3 612.843586
3 645.941674
3 705.087328
3 779.073480
3 860.327339
3 952.252046
3 1016.663334
3 1057.093112
3 1123.894754
3 1173.119848
3 1252.771925
3 1310.277388
3 1403.005382
3 1469.790538
3 1554.797979
3 1646.842596
3 1654.702303
3 1704.694003
3 1808.172169
3 1892.300244
3 1957.410991
3 2053.554557
3 2093.767186
3 2197.087528
3 2246.033995
3 2309.692157
3 2349.449005
3 2440.856936
3 2534.859907
3 2580.703815
3 2653.721010
3 2699.907708
3 2733.456039
3 2834.006612
3 2965.353146
3 3040.420543
3 3141.665214
3 3190.513873
3 3270.871196
3 3336.534707
3 3436.753350
3 3545.658157
3 3609.113798
3 3676.273441
3 3707.261495
3 3777.354359
3 3813.764417
3 3921.868950
3 3992.215405
3 4022.058771
3 4070.191922
3 4105.007811
3 4145.339730
3 4209.646215
3 4280.309222
3 4343.111811
3 4414.606013
3 4521.238514
3 4601.486307
3 4655.659273
3 4775.870779
3 4841.967398
3 4944.096752
3 5029.408836
3 5105.738107
3 5170.809025
3 5257.606884
3 5327.933167
3 5468.218581
3 5558.852574
3 5596.915090
3 5711.639296
3 5735.081096
3 5835.144635
3 5886.063589
3 5948.229947
4 38.735164
4 179.229350
4 242.144415
4 323.753012
4 417.083022
4 503.560826
4 568.650135
4 661.220268
4 736.868698
4 809.681420
4 892.501564
4 952.194833
4 1005.310949
4 1060.519483
4 1169.222394
4 1250.008618
4 1310.258018
4 1402.543210
4 1456.818817
4 1502.988216
4 1586.435691
4 1684.795036
4 1791.650545
4 1897.190417
4 1947.904337
4 2017.897316
4 2075.039205
4 2156.039346
4 2217.906192
4 2289.552111
4 2388.686634
4 2471.156330
4 2547.657575
4 2592.980350
4 2639.781865
4 2698.033354
4 2784.319777
4 2885.547547
4 2968.754358
4 3041.946247
4 3067.215633
4 3185.334362
4 3216.700808
4 3301.087028
4 3374.649063
4 3437.414407
4 3515.143710
4 3550.274757
4 3590.146810
4 3677.276304
4 3765.070863
4 3822.032020
4 3920.989387
4 3953.837926
4 4022.200452
4 4056.473644
4 4141.435161
4 4201.259076
4 4295.787437
4 4364.538426
4 4448.166777
4 4500.261516
4 4574.483060
4 4668.686132
4 4686.459550
4 4771.540853
4 4794.826898
4 4855.364097
4 4920.002116
4 4982.102467
4 5061.262047
4 5134.009796
4 5211.869448
4 5248.431110
4 5330.776722
4 5374.251162
4 5439.852213
4 5489.399077
4 5551.055724
4 5639.428673
4 5711.213692
4 5778.317693
4 5866.638618
4 5887.054678
4 5976.536099
5 56.833997
5 130.597518
5 208.863060
5 273.962628
5 338.193329
5 408.892090
5 522.006998
5 582.379274
5 644.144307
5 721.536071
5 782.654850
5 855.977825
5 901.711605
5 969.218360
5 1021.833337
5 1094.632058
5 1181.552496
5 1203.778272
5 1311.060224
5 1380.900849
5 1507.527569
5 1588.934197
5 1663.351999
5 1746.124737
5 1832.891922
5 1893.576244
5 1972.328381
5 2028.417975
5 2043.454316
5 2111.558412
5 2167.604411
5 2220.448203
5 2280.024831
5 2355.636462
5 2400.415974
5 2482.923289
5 2510.738424
5 2623.117119
5 2699.470895
5 2812.299760
5 2881.071744
5 2952.784572
5 3008.629821
5 3077.754950
5 3150.052369
5 3204.947989
5 3282.398640
5 3322.756350
5 3395.276780
5 3480.774458
5 3574.873831
5 3648.845133
5 3733.287818
5 3801.348294
5 3899.334258
5 3995.272078
5 4023.663367
5 4130.290295
5 4201.878311
5 4304.826771
5 4363.813775
5 4430.721333
5 4532.916112
5 4573.271211
5 4666.284367
5 4727.848305
5 4780.586130
5 4883.132816
5 4942.302975
5 4975.801557
5 5073.403914
5 5178.327863
5 5268.448611
5 5357.797062
5 5439.407471
5 5483.774529
5 5513.847306
5 5569.136740
5 5619.878050
5 5703.732692
5 5809.479969
5 5915.476949
5 5978.299047
6 68.546204
6 203.281988
6 269.414390
6 367.797286
6 433.948261
6 476.748405
6 537.077604
6 584.307190
6 635.369730
6 756.604998
6 844.635634
6 894.321653
6 995.913729
6 1046.317298
6 1094.945338
6 1141.842225
6 1196.830542
6 1234.881830
6 1348.962186
6 1414.756693
6 1454.481218
6 1504.645966
6 1554.636755
6 1594.095543
6 1689.713953
6 1805.595959
6 1883.411895
6 1952.062950
6 2013.707107
6 2138.151514
6 2217.026763
6 2281.672045
6 2378.649901
6 2443.945238
6 2525.905519
6 2586.378421
6 2700.573324
6 2768.177959
6 2843.647810
6 2928.314516
6 2957.305138
6 2987.265113
6 3040.271077
6 3102.951790
6 3202.833913
6 3302.708886
6 3320.115437
6 3419.586960
6 3497.407523
6 3563.138357
6 3654.805685
6 3710.404165
6 3792.479399
6 3847.920345
6 3882.873103
6 3934.316571
6 3987.118905
6 4070.882918
6 4173.560838
6 4231.066998
6 4321.797279
6 4428.610361
6 4528.297925
6 4654.080289
6 4681.951057
6 4742.264721
6 4875.045160
6 4953.177669
6 4998.277870
6 5091.332752
6 5187.757117
6 5272.490440
6 5358.206069
6 5391.400230
6 5485.871289
6 5559.627656
6 5596.359128
6 5719.213788
6 5783.733249
6 5884.185036
6 5984.487107
7 73.732455
7 151.425907
7 242.993048
7 324.349650
7 454.802488
7 536.752765
7 608.097291
7 660.746734
7 755.406270
7 838.761371
7 931.057807
7 1029.622315
7 1098.575412
7 1200.429189
7 1273.336881
7 1349.102924
7 1400.971166
7 1488.066588
7 1560.079396
7 1672.302328
7 1771.746669
7 1841.395997
7 1922.350560
7 2023.394336
7 2137.913380
7 2217.731801
7 2271.918177
7 2334.042467
7 2380.834450
7 2445.268954
7 2510.418324
7 2616.458488
7 2711.320040
7 2787.040673
7 2862.910560
7 2925.336994
7 3039.269289
7 3079.445690
7 3163.964569
7 3241.917917
7 3272.657464
7 3345.338703
7 3441.590352
7 3510.356326
7 3556.501684
7 3641.934098
7 3734.305524
7 3778.799963
7 3895.229129
7 3962.657024
7 4054.928117
7 4119.134673
7 4171.711025
7 4232.359080
7 4261.302627
7 4341.032064
7 4396.723310
7 4468.805584
7 4500.841492
7 4591.038883
7 4654.720252
7 4776.774723
7 4878.983106
7 4949.107493
7 4998.614550
7 5057.968517
7 5133.538481
7 5247.615446
7 5349.252719
7 5421.603649
7 5480.331849
7 5571.085465
7 5619.895531
7 5705.623197
7 5778.442561
7 5845.712638
7 5939.740485
8 86.279759
8 155.194592
8 261.005377
8 366.954311
8 441.067990
8 526.098094
8 565.348544
8 656.131493
8 734.919553
8 807.516230
8 893.945782
8 918.882109
8 1006.974938
8 1116.742264
8 1204.827080
8 1292.271160
8 1403.805414
8 1458.162749
8 1506.713797
8 1617.928358
8 1673.761988
8 1769.736275
8 1869.752856
8 1914.016779
8 1985.773942
8 2048.181393
8 2115.519065
8 2187.601882
8 2260.851085
8 2359.487388
8 2444.121000
8 2500.496337
8 2568.176365
8 2621.553665
8 2682.601019
8 2763.556047
8 2843.977009
8 2955.567439
8 3040.907885
8 3109.068973
8 3133.815524
8 3221.776338
8 3328.289355
8 3418.830489
8 3458.282951
8 3505.717258
8 3592.743182
8 3662.050607
8 3744.658805
8 3813.512961
8 3874.392177
8 3933.875157
8 4022.344992
8 4101.227290
8 4173.664055
8 4281.351256
8 4343.943908
8 4435.078839
8 4501.467129
8 4573.881654
8 4628.983852
8 4710.449555
8 4776.240302
8 4883.252045
8 4943.307172
8 4999.119481
8 5120.125189
8 5212.917856
8 5301.251870
8 5372.312523
8 5410.996340
8 5506.788072
8 5532.333842
8 5614.012083
8 5703.008037
8 5790.724204
8 5835.286883
8 5946.879840
8 5980.574474
9 27.011013
9 109.850984
9 189.172128
9 272.327734
9 342.055872
9 412.263981
9 431.203706
9 507.050903
9 590.801879
9 663.665029
9 756.809164
9 790.504912
9 867.503910
9 946.497763
9 1015.820972
9 1097.623722
9 1161.448294
9 1208.033647
9 1307.016909
9 1400.826914
9 1505.739195
9 1572.330287
9 1629.028405
9 1683.999536
9 1743.460228
9 1825.696652
9 1860.063115
9 1938.798302
9 2016.311491
9 2129.429791
9 2187.629276
9 2312.427076
9 2385.760681
9 2419.256485
9 2465.570573
9 2532.236069
9 2562.661462
9 2679.433315
9 2733.879864
9 2843.525329
9 2927.757476
9 2989.129396
9 3045.843264
9 3102.338474
9 3203.310571
9 3264.621528
9 3300.191542
9 3365.749937
9 3485.101698
9 3515.706324
9 3595.506195
9 3678.387720
9 3762.245825
9 3847.306883
9 3925.363844
9 3989.638190
9 4070.293688
9 4209.631070
9 4296.372654
9 4358.682516
9 4429.402607
9 4501.906331
9 4575.804491
9 4650.903450
9 4742.713197
9 4811.351645
9 4909.155544
9 5002.614525
9 5146.101645
9 5248.564173
9 5341.887408
9 5370.254462
9 5465.571126
9 5513.002962
9 5550.006413
9 5632.859934
9 5720.157841
9 5779.338685
9 5857.974744
9 5946.856628
10 74.441480
10 175.168214
10 300.191898
10 388.472510
10 476.724338
10 510.632266
10 612.894617
10 646.668226
10 735.001958
10 808.166755
10 923.764733
10 964.087761
10 1062.702740
10 1129.479137
10 1176.445142
10 1259.004848
10 1310.619179
10 1463.183990
10 1571.111221
10 1663.362598
10 1745.360725
10 1832.358913
10 1919.423525
10 1984.943965
10 2040.056388
10 2127.271305
10 2246.044735
10 2312.751119
10 2400.297067
10 2480.356885
10 2552.212430
10 2611.714101
10 2679.674692
10 2752.610667
10 2840.403789
10 2891.549371
10 3008.532317
10 3082.640167
10 3165.583127
10 3246.531413
10 3328.963240
10 3386.800025
10 3481.568443
10 3552.511935
10 3640.824497
10 3708.578955
10 3774.609659
10 3845.851051
10 3923.400929
10 3977.631493
10 4079.113365
10 4144.492978
10 4211.669979
10 4277.412371
10 4391.816476
10 4462.935532
10 4531.652862
10 4634.145053
10 4684.599672
10 4800.175867
10 4843.626543
10 4911.720096
10 5018.049687
10 5062.506303
10 5134.133711
10 5209.070354
10 5300.571348
10 5417.519259
10 5523.097230
10 5609.013331
10 5683.918253
10 5733.390078
10 5778.435870
10 5831.673285
10 5922.157762
10 5981.296291
11 91.568441
11 140.145523
11 208.218334
11 273.658503
11 370.412079
11 449.076890
11 537.332637
11 611.047187
11 683.204150
11 737.109917
11 808.178116
11 919.608113
11 933.264003
11 1014.126862
11 1038.497737
11 1099.357875
11 1169.217225
11 1274.705414
11 1374.462895
11 1451.909960
11 1523.674670
11 1616.265761
11 1711.332564
11 1792.281749
11 1933.709495
11 2016.703034
11 2144.468676
11 2200.173253
11 2215.757192
11 2283.812747
11 2374.920021
11 2444.198244
11 2518.429682
11 2598.610838
11 2654.648492
11 2735.191826
11 2837.662076
11 2931.357822
11 3009.379790
11 3114.708106
11 3182.812834
11 3251.714302
11 3303.089983
11 3364.454290
11 3436.472708
11 3536.673815
11 3609.888814
11 3711.211850
11 3790.939473
11 3882.126278
11 3961.284060
11 3997.808162
11 4070.874029
11 4129.655244
11 4241.148791
11 4261.415054
11 4320.231478
11 4419.171986
11 4461.500546
11 4572.520976
11 4651.957778
11 4775.243808
11 4878.294279
11 4975.480226
11 5058.370251
11 5167.202426
11 5228.521044
11 5321.750052
11 5392.791623
11 5468.248127
11 5534.687595
11 5658.176309
11 5705.611676
11 5776.677097
11 5847.162010
11 5945.368100
12 57.727127
12 130.495517
12 166.261165
12 290.517801
12 389.509864
12 480.952188
12 562.513893
12 596.457308
12 679.938472
12 767.467167
12 839.579291
12 910.166646
12 979.577554
12 1050.899774
12 1115.539160
12 1207.943238
12 1274.849263
12 1381.608875
12 1484.326888
12 1538.285381
12 1587.713488
12 1646.703293
12 1712.559513
12 1822.523590
12 1897.604506
12 1982.064052
12 2078.824740
12 2197.723185
12 2311.380999
12 2396.319240
12 2458.150549
12 2559.069443
12 2653.168400
12 2720.301314
12 2796.170203
12 2863.052676
12 2905.159200
12 3025.309160
12 3080.875846
12 3182.818149
12 3220.162863
12 3318.881252
12 3372.864246
12 3420.315087
12 3498.086723
12 3582.847543
12 3676.923436
12 3775.114310
12 3875.076956
12 3986.105899
12 4070.168518
12 4179.972747
12 4230.489879
12 4270.793702
12 4364.104765
12 4466.776522
12 4536.364974
12 4651.694564
12 4776.488647
12 4831.268271
12 4899.325094
12 4949.140587
12 5057.963287
12 5141.281789
12 5190.525274
12 5263.518154
12 5367.858643
12 5462.042825
12 5532.021302
12 5598.998368
12 5678.438280
12 5776.842815
12 5847.037778
12 5922.527169
12 5983.800361
13 81.587905
13 153.789613
13 231.900937
13 291.891640
13 371.659970
13 453.580157
13 522.438554
13 588.302611
13 646.871981
13 728.043916
13 767.012966
13 863.598449
13 970.442637
13 1033.553970
13 1115.042322
13 1166.569597
13 1218.586434
13 1314.442128
13 1421.604559
13 1492.189042
13 1592.558702
13 1690.577724
13 1766.406745
13 1871.632441
13 1977.904549
13 2055.860186
13 2130.074124
13 2172.286517
13 2260.319843
13 2349.972012
13 2413.529916
13 2522.002590
13 2583.386575
13 2699.851225
13 2783.514889
13 2862.459449
13 2957.417448
13 3034.021246
13 3163.218628
13 3254.646342
13 3373.872891
13 3441.049195
13 3564.944414
13 3631.539053
13 3701.302442
13 3831.258806
13 3925.281858
13 4033.181309
13 4095.640541
13 4163.599998
13 4261.845974
13 4320.569938
13 4375.766210
13 4469.090715
13 4575.701016
13 4716.629942
13 4817.159942
13 4930.159473
13 5000.543180
13 5055.573547
13 5096.307464
13 5165.204212
13 5194.063015
13 5286.348021
13 5384.590411
13 5469.980867
13 5532.978894
13 5601.993525
13 5675.892518
13 5774.177216
13 5834.102333
13 5922.580850
13 5983.323901
14 81.198758
14 146.069783
14 261.584151
14 297.210227
14 394.494379
14 475.747386
14 541.700903
14 607.423255
14 688.771819
14 730.995737
14 807.388657
14 876.715777
14 920.366962
14 1018.880892
14 1089.580157
14 1203.323209
14 1270.607988
14 1384.963531
14 1436.759184
14 1506.714107
14 1583.369859
14 1649.688358
14 1750.133317
14 1797.593173
14 1857.268794
14 1939.476416
14 2035.071511
14 2127.973218
14 2215.335332
14 2313.208503
14 2357.805973
14 2464.721282
14 2529.692813
14 2593.659848
14 2700.342803
14 2788.994701
14 2843.410111
14 2898.616626
14 2903.130943
14 3041.887144
14 3116.346961
14 3210.263745
14 3281.426196
14 3381.942997
14 3496.658785
14 3609.420318
14 3677.570216
14 3793.202753
14 3850.903222
14 3897.612110
14 3990.440729
14 4022.560448
14 4132.780110
14 4216.005905
14 4261.677641
14 4361.364167
14 4429.268561
14 4487.074537
14 4570.868201
14 4667.238947
14 4786.874884
14 4812.646471
14 4928.949864
14 5036.383940
14 5138.961466
14 5209.090142
14 5271.556861
14 5326.926565
14 5397.496176
14 5477.861549
14 5550.346336
14 5629.650841
14 5740.500148
14 5773.643696
14 5895.809337
14 5966.864724
15 78.264546
15 182.570307
15 272.585938
15 358.592907
15 427.984867
15 493.804642
15 571.842489
15 669.695546
15 758.307807
15 857.247078
15 899.730192
15 1013.247176
15 1080.060582
15 1155.148878
15 1221.223122
15 1312.163470
15 1381.962817
15 1460.953239
15 1491.869707
15 1540.449840
15 1644.943388
15 1726.773772
15 1839.796075
15 1913.624748
15 2018.340369
15 2055.122842
15 2097.999010
15 2221.371714
15 2341.244008
15 2422.557971
15 2489.424336
15 2564.045684
15 2661.197577
15 2721.410883
15 2812.719651
15 2851.817499
15 2959.232916
15 2997.809273
15 3076.224596
15 3163.260905
15 3225.771113
15 3332.659595
15 3436.607772
15 3533.669756
15 3632.625816
15 3743.189868
15 3808.286562
15 3868.051342
15 3961.672303
15 3983.982715
15 4031.642469
15 4116.615074
15 4217.016941
15 4285.642083
15 4362.047608
15 4393.777829
15 4502.915630
15 4535.079963
15 4605.901790
15 4711.990066
15 4833.865709
15 4903.486488
15 4999.891780
15 5034.052575
15 5084.332456
15 5196.712345
15 5282.870461
15 5383.861573
15 5445.718931
15 5534.362879
15 5661.321944
15 5766.522774
15 5858.582310
15 5905.110134
15 5971.255523
16 88.131360
16 168.425181
16 275.407463
16 321.718757
16 413.527311
16 521.032490
16 646.342745
16 738.254675
16 806.431025
16 899.649149
16 961.196308
16 1045.854879
16 1144.254190
16 1237.861594
16 1334.077974
16 1415.532621
16 1488.769243
16 1554.342280
16 1642.668078
16 1744.908367
16 1850.935209
16 1955.058668
16 2078.168888
16 2200.049337
16 2259.351669
16 2351.476303
16 2464.450298
16 2509.486218
16 2585.842634
16 2732.869744
16 2789.245636
16 2864.499469
16 2956.520490
16 3013.627612
16 3093.904134
16 3164.985954
16 3219.326785
16 3304.169358
16 3399.465710
16 3459.283127
16 3537.497720
16 3591.528285
16 3660.332950
16 3763.263861
16 3839.445431
16 3882.398897
16 3994.117003
16 4098.448296
16 4196.097280
16 4279.635483
16 4326.059599
16 4374.381402
16 4413.825306
16 4501.865132
16 4571.964202
16 4715.792829
16 4812.555603
16 4910.532593
16 4980.642469
16 5080.273189
16 5119.027103
16 5230.220825
16 5293.459129
16 5424.491989
16 5514.689211
16 5560.010364
16 5616.066983
16 5658.568918
16 5675.016571
16 5766.644492
16 5857.765205
16 5917.595057
16 5982.293075
17 53.837063
17 169.605019
17 254.191861
17 351.749006
17 412.814698
17 497.041303
17 584.400065
17 682.519590
17 753.884023
17 835.287027
17 962.045205
17 1031.275951
17 1096.525378
17 1186.010614
17 1270.645648
17 1382.772108
17 1452.265210
17 1556.934273
17 1616.504793
17 1700.601284
17 1766.322520
17 1840.525492
17 1970.775898
17 2080.114149
17 2180.025932
17 2260.876325
17 2348.446387
17 2399.331563
17 2479.933205
17 2496.331798
17 2572.566393
17 2699.534028
17 2720.997470
17 2785.252236
17 2904.066107
17 3031.091153
17 3131.795690
17 3232.041271
17 3297.473954
17 3324.535756
17 3421.543666
17 3513.655574
17 3612.587628
17 3660.262434
17 3769.233176
17 3874.496943
17 3922.128184
17 3989.442168
17 4021.631134
17 4132.083975
17 4232.833328
17 4307.804700
17 4415.910338
17 4571.960197
17 4599.869284
17 4687.844416
17 4828.239904
17 4888.542102
17 4954.987042
17 5029.166969
17 5087.133866
17 5178.572787
17 5256.001251
17 5371.419630
17 5446.082050
17 5549.046317
17 5629.263049
17 5688.452281
17 5771.368409
17 5844.863612
17 5969.902348
18 81.239185
18 222.959159
18 291.872773
18 385.835785
18 430.718465
18 478.907043
18 587.875807
18 665.005728
18 755.624868
18 832.725357
18 904.100568
18 1036.497927
18 1097.241006
18 1208.002909
18 1271.187808
18 1402.998299
18 1491.523514
18 1573.595467
18 1667.155028
18 1738.895427
18 1763.996355
18 1875.103354
18 1932.071030
18 1981.866721
18 2099.252473
18 2200.657159
18 2310.857254
18 2396.061348
18 2482.199779
18 2572.379424
18 2591.023864
18 2641.595623
18 2748.658598
18 2821.705091
18 2889.794525
18 2949.452764
18 3023.332422
18 3130.989681
18 3189.633279
18 3319.071721
18 3411.906238
18 3497.003131
18 3589.354360
18 3732.158847
18 3777.297192
18 3863.013842
18 3932.300183
18 4022.139686
18 4077.498242
18 4186.682268
18 4262.564099
18 4362.975733
18 4463.454609
18 4533.510179
18 4626.278812
18 4715.409818
18 4742.182668
18 4814.395447
18 4910.237069
18 4998.119718
18 5086.139767
18 5198.372326
18 5324.983778
18 5438.499462
18 5534.258740
18 5602.430363
18 5679.146281
18 5778.913760
18 5860.116525
18 5949.775139
18 5961.186634
19 112.172613
19 197.350382
19 284.703306
19 367.397411
19 476.917736
19 554.968607
19 657.361617
19 734.814300
19 778.883521
19 882.427456
19 925.865981
19 988.532551
19 1064.438179
19 1115.620295
19 1167.461631
19 1256.486710
19 1350.104400
19 1401.480337
19 1492.738349
19 1556.983141
19 1656.439233
19 1795.169660
19 1902.201887
19 1958.248203
19 2015.810793
19 2078.431546
19 2192.476476
19 2243.158511
19 2310.608370
19 2398.203449
19 2476.403649
19 2562.359220
19 2654.198480
19 2723.306454
19 2811.901224
19 2900.766161
19 2999.653312
19 3129.444318
19 3218.393928
19 3303.016565
19 3396.441431
19 3444.122872
19 3550.688304
19 3644.762721
19 3758.748238
19 3849.232872
19 3930.139301
19 4021.887380
19 4122.033830
19 4193.503296
19 4286.785003
19 4361.900731
19 4398.497050
19 4464.936271
19 4601.039362
19 4667.164970
19 4770.121522
19 4831.921685
19 4955.960729
19 5025.957928
19 5087.093160
19 5153.108624
19 5226.516050
19 5264.932271
19 5333.308097
19 5404.327794
19 5494.508876
19 5585.044374
19 5683.860454
19 5754.213225
19 5830.311408
19 5914.198890
20 30.220619
20 85.218731
20 179.615484
20 251.742132
20 365.786815
20 427.597231
20 555.047511
20 652.030125
20 769.500982
20 823.678615
20 922.538640
20 1004.196800
20 1095.769806
20 1162.622886
20 1275.676084
20 1349.132243
20 1369.337873
20 1454.288673
20 1505.710625
20 1613.844931
20 1669.356562
20 1688.627886
20 1823.583454
20 1885.334100
20 1964.547683
20 2039.233285
20 2098.002665
20 2128.314261
20 2238.758422
20 2291.086287
20 2377.973635
20 2482.441174
20 2563.832811
20 2654.442708
20 2723.386517
20 2796.226801
20 2895.207014
20 2985.843757
20 3042.432274
20 3101.932813
20 3162.820785
20 3285.610367
20 3388.062315
20 3465.872811
20 3568.580091
20 3640.681523
20 3734.624371
20 3841.705231
20 3921.679049
20 4023.530657
20 4129.631508
20 4230.516570
20 4322.851657
20 4395.795935
20 4502.339680
20 4599.071356
20 4714.890286
20 4813.234477
20 4924.744055
20 5009.774923
20 5134.614332
20 5248.085453
20 5327.759973
20 5439.540165
20 5513.310170
20 5602.622674
20 5689.833068
20 5733.049545
20 5810.368552
20 5872.391700
20 5967.584881
21 113.817985
21 171.171844
21 249.162168
21 263.784040
21 333.985662
21 444.242859
21 553.894013
21 644.855731
21 704.680207
21 777.691056
21 881.703046
21 961.638626
21 1068.862398
21 1076.226024
21 1138.574685
21 1251.230821
21 1379.407221
21 1457.794713
21 1537.424640
21 1556.199652
21 1607.411988
21 1653.077199
21 1688.346451
21 1770.477409
21 1872.532152
21 1983.986943
21 2066.342598
21 2166.650958
21 2259.599611
21 2378.310645
21 2431.481725
21 2555.040511
21 2609.634404
21 2749.679824
21 2811.630745
21 2955.650470
21 3047.127691
21 3131.968432
21 3253.103535
21 3370.721167
21 3500.158377
21 3610.658523
21 3743.097031
21 3807.908545
21 3882.662440
21 3988.631253
21 4052.718806
21 4123.228823
21 4217.125961
21 4306.856608
21 4377.423850
21 4471.891296
21 4576.694317
21 4623.036902
21 4667.497690
21 4736.998914
21 4833.711159
21 4893.829804
21 4983.047978
21 5092.821296
21 5161.462407
21 5250.018868
21 5364.660249
21 5439.573784
21 5477.000349
21 5538.001086
21 5661.401387
21 5740.615411
21 5860.921702
21 5970.707584
22 114.682558
22 180.149798
22 222.606838
22 316.452343
22 386.165227
22 434.396282
22 554.487915
22 615.300512
22 685.990979
22 759.211475
22 847.776534
22 933.067018
22 1048.196010
22 1168.993001
22 1221.071892
22 1309.221397
22 1402.621937
22 1490.587455
22 1622.232342
22 1696.707575
22 1764.626143
22 1876.400101
22 1957.075525
22 2062.120018
22 2158.339442
22 2242.518224
22 2339.838790
22 2450.550785
22 2529.560382
22 2628.373132
22 2700.624628
22 2814.771429
22 2865.751523
22 2952.292452
22 3040.154103
22 3139.871901
22 3219.478500
22 3296.651023
22 3356.622113
22 3417.535614
22 3502.285288
22 3579.114332
22 3641.401160
22 3759.598735
22 3794.188648
22 3896.066865
22 3996.312583
22 4108.780230
22 4147.020462
22 4240.194750
22 4321.324612
22 4417.469279
22 4482.176901
22 4592.092091
22 4625.431172
22 4714.220475
22 4833.826425
22 4886.190878
22 4998.008964
22 5042.190175
22 5134.672926
22 5188.606596
22 5272.545651
22 5368.003709
22 5483.029802
22 5594.249281
22 5640.555171
22 5730.510887
22 5856.251999
22 5945.444026
23 76.354702
23 154.754348
23 266.133838
23 352.324767
23 431.050990
23 476.665109
23 561.744452
23 641.406656
23 737.654893
23 822.722507
23 901.513217
23 1034.305825
23 1152.123187
23 1162.515405
23 1271.231644
23 1350.672330
23 1440.720813
23 1507.153567
23 1571.112307
23 1643.968496
23 1720.144020
23 1835.150928
23 1938.645243
23 1959.699386
23 2098.647081
23 2167.871042
23 2212.500914
23 2259.674165
23 2368.566587
23 2504.041922
23 2589.279636
23 2698.926109
23 2741.534523
23 2784.070453
23 2867.355731
23 2945.744779
23 3008.266340
23 3054.019793
23 3135.801615
23 3210.085421
23 3335.618821
23 3411.930783
23 3498.458667
23 3612.830048
23 3678.333326
23 3780.623744
23 3881.047000
23 3921.245640
23 3999.060224
23 4050.829390
23 4120.804238
23 4282.352736
23 4428.602713
23 4490.779598
23 4594.643301
23 4713.505326
23 4813.478368
23 4889.790357
23 4961.776215
23 5038.271036
23 5115.972135
23 5203.123012
23 5315.146178
23 5447.267057
23 5578.932114
23 5686.766691
23 5792.686758
23 5872.762846
23 5946.840470
24 153.154657
24 262.567144
24 274.764348
24 352.171253
24 447.278965
24 523.261672
24 558.163433
24 643.697714
24 728.825226
24 849.004807
24 945.744520
24 1064.887318
24 1168.508202
24 1237.001058
24 1341.971936
24 1437.956818
24 1538.663792
24 1618.195982
24 1712.924326
24 1773.819317
24 1877.113850
24 1983.804888
24 2095.809253
24 2160.028520
24 2240.400056
24 2310.988470
24 2370.299832
24 2470.538394
24 2545.207478
24 2646.247885
24 2769.888245
24 2842.929772
24 2996.619228
24 3100.275645
24 3189.572066
24 3223.380545
24 3306.248488
24 3356.511650
24 3431.676070
24 3559.744601
24 3612.706683
24 3725.145909
24 3810.422721
24 3873.505600
24 3926.557461
24 4004.336568
24 4089.409012
24 4168.859471
24 4217.603518
24 4320.616248
24 4402.968418
24 4467.532020
24 4537.903245
24 4593.095334
24 4747.273432
24 4865.810172
24 4947.420321
24 5065.978268
24 5156.124172
24 5219.737419
24 5290.912870
24 5359.978774
24 5455.483963
24 5556.834215
24 5628.624001
24 5716.381240
24 5771.545528
24 5879.965784
24 5955.031649
25 112.543607
25 204.766119
25 308.378138
25 384.234367
25 506.017147
25 530.758785
25 614.345917
25 739.786952
25 808.458048
25 943.273138
25 1036.653984
25 1144.870939
25 1265.567896
25 1307.131882
25 1366.595865
25 1490.500418
25 1556.033643
25 1651.929415
25 1704.292330
25 1743.531417
25 1802.819222
25 1914.126731
25 2079.139606
25 2189.716258
25 2239.388680
25 2309.808490
25 2418.501323
25 2485.681718
25 2617.826420
25 2699.768487
25 2839.058077
25 2931.475132
25 3013.861521
25 3118.204682
25 3238.240017
25 3302.481126
25 3318.792610
25 3437.878189
25 3541.943201
25 3663.041332
25 3793.490713
25 3863.406551
25 3977.596127
25 4041.054867
25 4124.527184
25 4231.597017
25 4358.227815
25 4396.266758
25 4520.948478
25 4554.508850
25 4667.469381
25 4742.097663
25 4831.503721
25 4931.992744
25 4992.490561
25 5058.731379
25 5136.651253
25 5244.246389
25 5364.444355
25 5462.529024
25 5612.896158
25 5681.029389
25 5792.265752
25 5859.484134
25 5978.715516
26 75.561916
26 150.023156
26 213.170227
26 320.424909
26 428.178651
26 524.317354
26 572.922097
26 703.656951
26 808.453881
26 965.459167
26 1046.091908
26 1129.264509
26 1217.009527
26 1349.251706
26 1456.177135
26 1554.583094
26 1670.389020
26 1792.235680
26 1894.605181
26 1960.407306
26 2077.536028
26 2177.915946
26 2240.270685
26 2345.138743
26 2458.671239
26 2511.279627
26 2587.239156
26 2663.695032
26 2702.519619
26 2733.671227
26 2849.890032
26 2931.080751
26 3024.987270
26 3086.130948
26 3114.727640
26 3201.273444
26 3326.674769
26 3397.809369
26 3457.241796
26 3566.933697
26 3675.353750
26 3809.109657
26 3881.989175
26 3995.871036
26 4101.497172
26 4211.546629
26 4358.168991
26 4465.945865
26 4532.801051
26 4628.368902
26 4655.319129
26 4741.882414
26 4866.095676
26 4995.218695
26 5058.343683
26 5154.156743
26 5254.469842
26 5367.696500
26 5470.220276
26 5570.609239
26 5660.183515
26 5712.498888
26 5845.033955
26 5921.781430
27 73.906092
27 194.620893
27 352.009451
27 409.682601
27 507.178300
27 587.124050
27 683.017635
27 769.040156
27 807.991234
27 901.032669
27 1015.418946
27 1097.945746
27 1169.292140
27 1276.346584
27 1307.768211
27 1417.895509
27 1507.539098
27 1615.235395
27 1680.626290
27 1739.282457
27 1872.758031
27 2017.930415
27 2099.211149
27 2142.342070
27 2244.181604
27 2357.404634
27 2458.415232
27 2563.306134
27 2654.349975
27 2687.216073
27 2790.874021
27 2881.678893
27 2956.555950
27 2984.606361
27 3074.178476
27 3205.323374
27 3274.434541
27 3374.749588
27 3435.901916
27 3516.242566
27 3606.874149
27 3654.480109
27 3709.947168
27 3813.204945
27 3905.108751
27 3967.253620
27 4069.280747
27 4181.680983
27 4280.236402
27 4363.075868
27 4500.887092
27 4600.649686
27 4682.769329
27 4743.627892
27 4828.127902
27 4929.589467
27 5002.536893
27 5136.529596
27 5202.617488
27 5252.971287
27 5327.543443
27 5412.108553
27 5532.506080
27 5623.126484
27 5714.594830
27 5836.327584
27 5916.211937
27 5999.473387
28 91.376259
28 218.815231
28 325.391509
28 383.904236
28 506.872749
28 589.750831
28 737.604988
28 839.905734
28 899.832624
28 1021.414828
28 1168.405151
28 1269.637573
28 1375.020952
28 1453.567562
28 1538.651714
28 1670.819251
28 1766.087357
28 1865.989699
28 1926.486605
28 2041.793193
28 2077.712061
28 2215.581797
28 2288.343228
28 2391.829917
28 2500.752319
28 2562.012733
28 2664.152681
28 2760.409752
28 2893.222124
28 2988.265144
28 3077.167038
28 3208.568790
28 3320.888559
28 3412.422186
28 3576.414001
28 3644.426076
28 3779.236907
28 3855.379168
28 3881.481921
28 3959.818592
28 4055.614367
28 4123.256781
28 4187.433549
28 4284.963760
28 4358.987811
28 4466.513323
28 4551.920792
28 4656.625641
28 4786.702147
28 4864.320967
28 5005.046079
28 5112.130509
28 5193.924418
28 5357.692371
28 5464.318273
28 5544.383732
28 5631.301035
28 5704.209583
28 5776.106279
28 5863.879775
28 5939.122290
29 93.276179
29 202.039139
29 293.270013
29 409.061392
29 571.926510
29 703.136195
29 823.806185
29 931.972672
29 1015.408205
29 1091.393134
29 1158.534939
29 1183.350029
29 1202.679021
29 1308.127709
29 1411.331677
29 1489.975257
29 1604.860793
29 1653.405607
29 1771.710442
29 1895.393415
29 1979.220739
29 2077.722213
29 2172.458633
29 2263.612521
29 2351.655885
29 2456.010721
29 2540.161748
29 2661.198031
29 2731.174798
29 2844.424757
29 2947.785885
29 3022.163983
29 3164.986962
29 3231.077343
29 3345.385787
29 3438.120668
29 3496.636767
29 3552.900908
29 3677.068039
29 3777.287986
29 3847.898582
29 3922.024016
29 3999.609921
29 4071.213980
29 4179.268897
29 4305.710076
29 4405.288633
29 4525.982444
29 4636.700633
29 4775.813703
29 4927.426855
29 5024.808142
29 5111.593439
29 5228.818265
29 5343.245519
29 5467.049072
29 5574.230291
29 5617.909573
29 5702.274520
29 5771.125423
29 5915.888989
30 113.613056
30 204.458121
30 213.703030
30 294.605992
30 435.867809
30 536.894102
30 655.968309
30 728.784604
30 865.178646
30 962.461339
30 1095.678595
30 1217.381975
30 1273.165957
30 1400.513574
30 1476.285063
30 1595.509312
30 1703.169015
30 1826.943916
30 1960.326038
30 2046.417148
30 2202.131761
30 2244.883556
30 2359.044861
30 2449.222873
30 2527.434080
30 2616.559863
30 2698.486829
30 2828.913546
30 2934.702835
30 3008.277317
30 3116.540695
30 3163.493891
30 3275.046163
30 3387.179749
30 3436.917649
30 3510.273839
30 3611.139362
30 3742.648485
30 3899.302811
30 4041.165869
30 4111.881801
30 4213.447603
30 4320.649415
30 4421.007364
30 4527.780905
30 4630.213556
30 4739.122871
30 4807.340051
30 4928.135276
30 5061.044648
30 5139.538236
30 5222.351945
30 5305.692035
30 5388.636839
30 5487.670876
30 5554.070859
30 5668.042133
30 5770.689060
30 5898.626445
30 5984.670558
31 59.359164
31 140.539931
31 203.246319
31 288.889620
31 367.905310
31 452.845263
31 516.728760
31 645.534533
31 771.338627
31 860.239059
31 926.957879
31 1033.425009
31 1146.045075
31 1271.124221
31 1402.202568
31 1585.992015
31 1701.618956
31 1835.308754
31 1998.303441
31 2145.648500
31 2199.999307
31 2312.827450
31 2406.773035
31 2545.811353
31 2599.126044
31 2640.341437
31 2705.267194
31 2842.267891
31 2927.398580
31 2997.567454
31 3095.797705
31 3140.315926
31 3249.231823
31 3342.293876
31 3419.024389
31 3462.272243
31 3573.834353
31 3706.172924
31 3755.411173
31 3857.014197
31 3924.713833
31 4072.975060
31 4145.033575
31 4232.364039
31 4358.481242
31 4467.872225
31 4535.175356
31 4627.560964
31 4705.275320
31 4834.009262
31 4966.891339
31 5052.423275
31 5154.965003
31 5280.936340
31 5397.652567
31 5539.587167
31 5629.928074
31 5722.801622
31 5814.410935
31 5890.967603
31 5964.157093
32 136.379125
32 233.073217
32 324.483306
32 415.832631
32 546.403402
32 644.664308
32 682.189084
32 808.898828
32 894.430911
32 957.925950
32 1045.862409
32 1165.372371
32 1272.319363
32 1365.256201
32 1508.512018
32 1570.934332
32 1703.160075
32 1859.732419
32 1946.904606
32 2054.256060
32 2171.944176
32 2221.970051
32 2312.321789
32 2443.504178
32 2502.879598
32 2572.971074
32 2619.070299
32 2785.326747
32 2903.543490
32 3008.658512
32 3098.140250
32 3193.822673
32 3285.150920
32 3402.528692
32 3488.195409
32 3594.889274
32 3680.566170
32 3772.121692
32 3849.081650
32 3984.700251
32 4045.304292
32 4178.276138
32 4277.125833
32 4376.843299
32 4431.044258
32 4550.466437
32 4666.932617
32 4769.104975
32 4898.573874
32 4997.540873
32 5090.154529
32 5199.910220
32 5306.099881
32 5364.064635
32 5478.724545
32 5596.758516
32 5622.494720
32 5711.316361
32 5837.232848
32 5914.653763
33 95.070392
33 203.264990
33 350.531862
33 419.192974
33 507.073170
33 662.392005
33 757.935608
33 885.860941
33 985.641163
33 1064.070702
33 1137.538918
33 1220.783814
33 1308.750057
33 1436.148320
33 1554.913642
33 1643.304738
33 1750.958188
33 1842.984202
33 1982.837326
33 2060.267825
33 2144.475046
33 2277.732076
33 2348.946850
33 2461.017358
33 2587.127176
33 2718.940342
33 2770.033903
33 2865.707179
33 2968.593571
33 3086.538068
33 3258.095031
33 3334.661711
33 3387.197742
33 3438.496300
33 3530.619641
33 3641.696296
33 3731.923972
33 3844.624595
33 3962.855220
33 4130.871009
33 4200.417925
33 4396.201738
33 4431.657630
33 4575.004789
33 4738.934520
33 4847.657230
33 4932.597357
33 4996.515234
33 5180.509232
33 5295.171168
33 5436.658587
33 5536.802781
33 5639.269850
33 5700.906727
33 5766.497007
33 5869.688999
33 5945.186393
34 83.223856
34 165.918915
34 292.975990
34 414.353366
34 528.033547
34 535.759239
34 645.788081
34 756.393423
34 865.314855
34 959.837722
34 1016.985259
34 1146.203971
34 1200.783330
34 1351.776956
34 1402.511595
34 1456.881531
34 1556.927426
34 1680.667625
34 1768.938640
34 1932.753688
34 2101.134746
34 2222.842187
34 2287.244525
34 2379.019185
34 2498.577117
34 2645.592014
34 2759.743077
34 2929.827816
34 3044.524455
34 3164.767781
34 3283.379212
34 3392.894042
34 3493.935123
34 3577.814483
34 3662.915069
34 3792.020683
34 3898.126552
34 3988.811195
34 4100.574651
34 4180.787344
34 4306.809827
34 4465.953184
34 4535.455948
34 4604.703013
34 4689.966103
34 4815.532425
34 4919.698990
34 5028.680892
34 5098.686508
34 5220.535357
34 5343.149517
34 5439.099041
34 5549.140802
34 5623.150742
34 5705.275192
34 5790.535849
34 5906.587202
35 113.244318
35 227.712691
35 335.144211
35 413.097960
35 538.572337
35 609.738567
35 732.816551
35 866.725435
35 995.807286
35 1115.874270
35 1236.209660
35 1339.888828
35 1404.478867
35 1506.915706
35 1623.049644
35 1771.729645
35 1866.220082
35 1980.628705
35 2101.556884
35 2169.012310
35 2278.804323
35 2398.506854
35 2514.969696
35 2651.406005
35 2767.877256
35 2936.578621
35 3009.705668
35 3120.565342
35 3246.375820
35 3336.238749
35 3421.485671
35 3505.769115
35 3646.150500
35 3756.881098
35 3810.846465
35 3898.059649
35 3989.067782
35 4077.276751
35 4193.428330
35 4293.445634
35 4426.870321
35 4502.789129
35 4659.311345
35 4770.849759
35 4933.016076
35 5009.963681
35 5074.396591
35 5237.452915
35 5324.840566
35 5464.489365
35 5533.970905
35 5630.354948
35 5755.656100
35 5863.088061
35 5992.375666
36 77.073855
36 231.306860
36 367.170199
36 476.718926
36 536.239858
36 682.498696
36 769.804367
36 931.748753
36 1068.473396
36 1207.538739
36 1382.934552
36 1468.507634
36 1617.742799
36 1723.520625
36 1804.417885
36 1938.413604
36 2078.157433
36 2192.163615
36 2242.698235
36 2352.161910
36 2481.972663
36 2579.676032
36 2696.631017
36 2781.387001
36 2905.895470
36 2977.122057
36 3118.473177
36 3246.952551
36 3333.339139
36 3436.059214
36 3508.789461
36 3610.030792
36 3742.482182
36 3900.367106
36 3987.605566
36 4115.357426
36 4188.189512
36 4297.283927
36 4344.399174
36 4431.430501
36 4534.127586
36 4640.980475
36 4756.013574
36 4880.605471
36 4973.928548
36 5055.364637
36 5218.232507
36 5367.731423
36 5466.355631
36 5549.402249
36 5677.614353
36 5762.871328
36 5893.651178
36 5996.565641
37 115.501164
37 198.736778
37 272.644053
37 413.305177
37 521.300712
37 636.998871
37 754.987721
37 878.381557
37 987.714474
37 1063.190543
37 1240.162099
37 1365.629170
37 1490.147445
37 1650.866031
37 1808.545557
37 1905.424281
37 2066.463409
37 2190.259418
37 2225.682737
37 2295.040449
37 2405.597493
37 2514.486903
37 2643.379152
37 2787.349533
37 2881.572510
37 2948.486343
37 3006.079080
37 3129.458827
37 3185.720664
37 3306.015598
37 3422.118756
37 3558.572439
37 3642.315984
37 3758.914387
37 3849.236511
37 3927.810243
37 4021.241920
37 4158.474963
37 4266.093308
37 4418.747979
37 4532.077529
37 4617.497103
37 4745.947846
37 4787.517391
37 4882.749535
37 4950.885339
37 5063.767967
37 5259.983529
37 5410.951242
37 5533.589989
37 5620.465436
37 5679.284994
37 5792.859817
37 5922.864846
38 68.378593
38 139.794030
38 201.183053
38 274.535440
38 352.078890
38 459.131923
38 562.099665
38 663.955732
38 811.799204
38 846.342087
38 931.198838
38 1062.929637
38 1189.249696
38 1339.817390
38 1462.361192
38 1574.052188
38 1639.897261
38 1826.810163
38 1904.871412
38 2014.922382
38 2114.514361
38 2200.890661
38 2221.102154
38 2312.084359
38 2423.400223
38 2457.984023
38 2553.831766
38 2664.627353
38 2812.455952
38 2871.575163
38 3006.101722
38 3148.013964
38 3221.192529
38 3417.801962
38 3527.766523
38 3640.941746
38 3791.376933
38 3910.229815
38 4001.488191
38 4096.677845
38 4246.675177
38 4318.768356
38 4464.853106
38 4571.526909
38 4652.927631
38 4771.851365
38 4881.580109
38 5003.682024
38 5077.074142
38 5135.918608
38 5258.818280
38 5409.999363
38 5464.347099
38 5560.727823
38 5666.501035
38 5791.231021
38 5852.168284
38 5945.496886
39 151.578540
39 250.476579
39 352.723430
39 475.939244
39 610.816468
39 773.282543
39 902.720179
39 1006.919272
39 1080.396760
39 1163.161059
39 1267.834214
39 1371.350655
39 1534.919920
39 1663.378863
39 1806.094288
39 1931.893190
39 2048.084032
39 2170.967658
39 2181.570122
39 2311.274433
39 2482.132808
39 2634.654229
39 2732.406565
39 2854.524505
39 3046.147490
39 3130.497480
39 3220.407215
39 3361.514109
39 3453.883631
39 3578.648972
39 3708.988495
39 3794.591688
39 3961.851640
39 4037.528798
39 4172.339928
39 4232.372881
39 4359.706425
39 4400.495124
39 4471.925136
39 4549.621753
39 4652.304290
39 4760.247090
39 4848.722097
39 4999.760635
39 5095.733379
39 5186.699779
39 5300.807201
39 5374.505048
39 5494.785476
39 5583.688866
39 5679.006696
39 5715.714412
39 5819.310653
39 5894.915087
39 5962.258906
40 117.981194
40 202.017215
40 320.672678
40 477.332162
40 607.632279
40 733.619866
40 805.428192
40 975.550716
40 1098.627492
40 1217.008858
40 1345.507588
40 1491.403891
40 1594.692060
40 1653.806400
40 1789.402566
40 1901.260462
40 2045.527766
40 2176.192881
40 2312.903351
40 2398.729030
40 2550.843729
40 2673.423737
40 2774.062354
40 2842.812270
40 2986.162317
40 3102.079728
40 3194.353986
40 3305.853320
40 3385.691095
40 3480.677459
40 3610.524363
40 3776.510277
40 3897.841503
40 4070.830928
40 4213.887640
40 4340.186063
40 4467.037646
40 4573.226420
40 4685.027588
40 4806.101532
40 4916.133443
40 5020.329157
40 5189.209216
40 5374.708316
40 5502.005830
40 5595.399191
40 5693.085106
40 5862.661449
40 5993.786447
41 56.183417
41 209.098077
41 322.934534
41 413.891981
41 544.360215
41 683.679608
41 809.182783
41 931.770157
41 1061.752482
41 1152.993177
41 1291.338023
41 1405.101554
41 1521.644481
41 1618.565862
41 1744.557529
41 1861.162420
41 1934.144814
41 2056.315195
41 2216.638134
41 2346.848352
41 2433.214110
41 2537.813946
41 2602.417743
41 2737.139145
41 2874.421991
41 3019.160988
41 3126.785401
41 3264.221125
41 3453.710971
41 3533.454659
41 3663.256985
41 3762.096250
41 3916.196112
41 4002.290066
41 4165.237814
41 4320.638809
41 4425.957651
41 4504.016784
41 4655.495625
41 4742.721590
41 4848.315141
41 4940.652829
41 5053.629590
41 5211.613268
41 5301.441629
41 5401.761076
41 5540.704689
41 5611.852324
41 5720.870812
41 5815.173283
41 5921.229736
42 130.671522
42 288.942861
42 430.308926
42 478.694180
42 570.802742
42 642.745166
42 730.059171
42 820.070511
42 901.370973
42 1048.288445
42 1247.811532
42 1310.711901
42 1467.152829
42 1599.174781
42 1843.120492
42 1959.006008
42 2080.271554
42 2216.480440
42 2359.284927
42 2492.658942
42 2631.321840
42 2746.689797
42 2840.219435
42 2946.305109
42 3046.576843
42 3220.115320
42 3274.732234
42 3391.664000
42 3459.227338
42 3609.742135
42 3725.525675
42 3848.102430
42 3979.906741
42 4060.838201
42 4296.911871
42 4447.655859
42 4531.171252
42 4739.232903
42 4851.317525
42 4978.428560
42 5064.157482
42 5190.294810
42 5302.394933
42 5395.600057
42 5466.309056
42 5505.223596
42 5629.453763
42 5733.666687
42 5915.131465
43 157.973988
43 255.905911
43 384.534135
43 475.577029
43 649.037182
43 753.244513
43 899.899569
43 1060.420353
43 1115.982713
43 1201.788013
43 1322.654180
43 1402.607824
43 1557.319724
43 1687.191275
43 1875.511687
43 2020.191258
43 2200.152515
43 2355.531937
43 2535.307538
43 2615.882276
43 2736.760947
43 2867.954048
43 2928.336477
43 3046.233332
43 3161.065870
43 3317.879078
43 3441.626723
43 3643.564930
43 3712.063010
43 3881.474622
43 4038.717786
43 4091.996240
43 4283.936932
43 4429.647360
43 4537.971995
43 4633.874207
43 4684.677435
43 4824.342099
43 4953.383295
43 5100.109314
43 5195.842524
43 5292.223400
43 5471.165079
43 5623.350474
43 5775.948169
43 5877.551830
44 155.597267
44 293.022249
44 473.375882
44 521.762499
44 681.390641
44 779.651616
44 908.387931
44 1050.524451
44 1237.453385
44 1324.221935
44 1474.485757
44 1627.595252
44 1720.633945
44 1792.922568
44 1940.776600
44 1968.392348
44 2121.226877
44 2215.866690
44 2312.451502
44 2439.946653
44 2563.199090
44 2679.733657
44 2827.589066
44 2904.226120
44 3055.057340
44 3245.443991
44 3417.483127
44 3511.188120
44 3641.524912
44 3735.515134
44 3855.995468
44 4071.611027
44 4201.590685
44 4338.445489
44 4458.541274
44 4575.004794
44 4654.223151
44 4770.667695
44 4933.862257
44 5031.610378
44 5299.861161
44 5426.565272
44 5517.308273
44 5678.593184
44 5803.232297
44 5984.626654
45 169.075627
45 194.924708
45 336.873953
45 477.583409
45 510.179738
45 704.719402
45 798.075703
45 933.857434
45 1050.141980
45 1170.033686
45 1340.181571
45 1456.983032
45 1524.135139
45 1704.100243
45 1867.182638
45 2035.268324
45 2222.974560
45 2416.716641
45 2561.654452
45 2632.999678
45 2746.081506
45 2860.991450
45 2988.318859
45 3056.406993
45 3221.527850
45 3321.968403
45 3334.318671
45 3437.564865
45 3591.627351
45 3709.906522
45 3900.687134
45 4023.435195
45 4174.925940
45 4264.367159
45 4398.293800
45 4502.019334
45 4623.818109
45 4742.674520
45 4907.159750
45 5068.032503
45 5161.894286
45 5310.640245
45 5400.190850
45 5550.776691
45 5730.397053
45 5812.283684
45 5876.826404
46 110.302857
46 260.249692
46 367.548974
46 501.900769
46 613.579398
46 756.331565
46 901.123035
46 1034.533259
46 1117.445779
46 1217.894178
46 1350.943222
46 1452.291694
46 1629.254084
46 1782.119957
46 1926.268208
46 2040.328655
46 2215.883425
46 2312.217446
46 2418.361771
46 2494.075857
46 2632.793739
46 2757.582598
46 2841.352192
46 2988.598396
46 3190.397452
46 3382.345258
46 3534.787403
46 3646.642083
46 3807.240730
46 3960.653249
46 4131.050440
46 4184.566160
46 4295.103931
46 4375.342336
46 4496.034363
46 4670.461125
46 4751.908637
46 4938.000429
46 5114.547885
46 5274.129543
46 5505.104171
46 5644.538249
46 5770.536441
46 5917.837144
47 140.529004
47 222.388454
47 321.385367
47 477.076835
47 670.240077
47 735.636452
47 913.611619
47 1046.062356
47 1201.519945
47 1401.297950
47 1507.867218
47 1668.017864
47 1823.106230
47 2046.972346
47 2127.755762
47 2379.369285
47 2516.035088
47 2661.596915
47 2813.605012
47 2858.045809
47 3039.765553
47 3182.528736
47 3333.340166
47 3494.785451
47 3608.832130
47 3711.487353
47 3797.654493
47 3913.430869
47 4070.220529
47 4171.712905
47 4322.896463
47 4431.176752
47 4502.433581
47 4605.772023
47 4774.451932
47 4918.490183
47 4996.246551
47 5136.482700
47 5214.013845
47 5399.704227
47 5570.410388
47 5648.268669
47 5749.448021
47 5856.737439
48 201.442233
48 323.431644
48 454.112307
48 573.769622
48 661.468480
48 832.501268
48 964.227138
48 1146.402274
48 1324.643436
48 1503.187935
48 1621.571523
48 1709.248542
48 1910.908247
48 2014.406621
48 2216.976116
48 2333.007138
48 2463.577980
48 2615.791336
48 2771.429957
48 2956.844873
48 3039.602743
48 3208.743188
48 3302.122294
48 3438.835542
48 3571.470017
48 3675.575345
48 3828.202873
48 3961.625132
48 4092.378973
48 4181.436467
48 4299.201499
48 4445.744812
48 4530.723919
48 4646.850162
48 4831.057249
48 4974.592682
48 5120.188543
48 5226.091759
48 5366.341430
48 5488.388250
48 5639.180419
48 5779.565732
48 5922.489745
49 180.847193
49 308.839799
49 386.629073
49 512.357998
49 614.116558
49 807.695601
49 915.953672
49 1096.556638
49 1257.783829
49 1402.097176
49 1538.037987
49 1649.956580
49 1711.259470
49 1875.753763
49 2015.901594
49 2145.340383
49 2317.750544
49 2462.787020
49 2607.874714
49 2722.804211
49 2902.351911
49 3082.142660
49 3224.405646
49 3346.502488
49 3534.168860
49 3639.771940
49 3824.118424
49 3940.136153
49 4099.599105
49 4324.816876
49 4466.085817
49 4573.947388
49 4685.509092
49 4854.217116
49 5022.083434
49 5169.999496
49 5344.277993
49 5460.237969
49 5621.026799
49 5836.734817
50 112.352920
50 218.585264
50 368.704654
50 524.230563
50 595.648264
50 712.364505
50 932.089788
50 1118.946939
50 1127.459121
50 1291.785132
50 1488.959212
50 1580.801247
50 1708.949048
50 1837.448392
50 1955.843756
50 2116.723126
50 2215.226127
50 2358.223154
50 2456.848370
50 2606.844906
50 2732.784862
50 2840.945266
50 2997.322052
50 3128.936483
50 3326.032897
50 3534.515051
50 3640.279624
50 3768.447264
50 3879.284642
50 3991.378007
50 4142.761586
50 4295.093589
50 4398.226101
50 4536.142533
50 4667.334230
50 4739.355964
50 4835.040539
50 4936.892770
50 5109.102895
50 5192.250510
50 5391.113447
50 5508.684847
50 5660.307742
50 5827.188431
50 5983.967250
51 195.332843
51 340.647548
51 521.683834
51 643.356351
51 786.774750
51 944.443320
51 997.509261
51 1218.580375
51 1381.644272
51 1572.149025
51 1697.023254
51 1861.126678
51 1985.970612
51 2170.820075
51 2369.611751
51 2562.421308
51 2764.678099
51 2862.699076
51 3060.085211
51 3246.614392
51 3402.866188
51 3600.475508
51 3706.835050
51 3868.353967
51 3966.824409
51 4140.997345
51 4301.487830
51 4463.986286
51 4616.736909
51 4716.155014
51 4897.423462
51 5083.971718
51 5259.975907
51 5389.876903
51 5567.351818
51 5784.396031
51 5871.706227
52 278.409228
52 368.067125
52 614.149680
52 749.754129
52 949.077414
52 1167.199134
52 1308.663497
52 1428.848761
52 1652.144772
52 1768.252143
52 1908.470812
52 2094.827981
52 2314.341784
52 2416.941897
52 2614.880193
52 2757.568136
52 2946.679804
52 3133.603826
52 3265.667825
52 3376.887755
52 3506.502825
52 3673.725373
52 3866.141487
52 4024.483470
52 4231.389784
52 4447.671602
52 4533.379466
52 4645.475592
52 4882.835831
52 5096.636080
52 5242.477356
52 5299.732421
52 5441.114692
52 5581.307913
52 5732.101294
52 5915.607502
53 116.120518
53 179.835509
53 291.577344
53 413.379559
53 508.804406
53 613.511244
53 737.908661
53 894.682278
53 1008.861613
53 1131.301940
53 1332.234296
53 1490.629384
53 1663.119779
53 1748.033180
53 1947.784268
53 2095.257938
53 2295.793729
53 2405.351993
53 2564.899210
53 2753.460592
53 2895.663598
53 3094.531327
53 3190.777762
53 3361.725171
53 3535.664554
53 3661.404428
53 3810.306565
53 3961.745089
53 4098.792863
53 4321.982046
53 4527.715030
53 4630.305775
53 4855.121026
53 5021.570625
53 5212.490526
53 5341.601021
53 5468.688762
53 5653.816205
53 5814.101715
54 177.124496
54 273.421426
54 385.459456
54 547.291911
54 756.584026
54 901.243637
54 969.187313
54 1122.405089
54 1239.281086
54 1348.399839
54 1481.600462
54 1708.546174
54 1808.851612
54 1980.357291
54 2128.164579
54 2258.280680
54 2431.731277
54 2577.310355
54 2772.699470
54 2909.559948
54 3063.225938
54 3253.146151
54 3430.510089
54 3569.208564
54 3610.234778
54 3857.820284
54 3969.647903
54 4099.614775
54 4262.876294
54 4429.161476
54 4672.022296
54 4777.144137
54 4927.958897
54 5036.223431
54 5320.376323
54 5538.941471
54 5678.155014
54 5904.493172
55 141.903267
55 201.109559
55 454.444102
55 644.048303
55 883.976062
55 1017.800900
55 1172.588332
55 1340.874004
55 1456.446257
55 1577.418540
55 1805.672075
55 1956.491423
55 2260.437222
55 2456.690135
55 2632.409522
55 2880.749999
55 3000.628432
55 3131.278594
55 3317.211377
55 3491.710739
55 3633.690269
55 3825.607366
55 3978.930468
55 4137.007936
55 4283.253407
55 4485.301614
55 4606.570359
55 4849.865083
55 5061.063654
55 5116.023639
55 5245.901057
55 5375.769038
55 5477.311548
55 5660.265435
55 5835.065954
56 213.456031
56 411.664805
56 573.419276
56 792.413053
56 1093.462599
56 1322.744578
56 1536.072756
56 1617.952021
56 1918.451558
56 2144.977647
56 2216.446415
56 2377.381719
56 2510.225671
56 2687.506540
56 2903.030235
56 3080.531217
56 3342.168340
56 3487.064659
56 3621.593583
56 3901.113721
56 4106.576529
56 4346.419642
56 4486.640872
56 4688.823425
56 4929.784185
56 4999.911899
56 5175.715543
56 5367.276474
56 5522.963282
56 5733.099209
56 5995.111964
57 240.248751
57 373.080163
57 614.847590
57 804.962277
57 993.739817
57 1120.898303
57 1273.854385
57 1435.872213
57 1705.254820
57 1822.973401
57 2079.781851
57 2145.349867
57 2271.932422
57 2427.283408
57 2663.686748
57 3008.458284
57 3130.030534
57 3412.475234
57 3640.403775
57 3959.570236
57 4160.421323
57 4327.975188
57 4504.677144
57 4713.927900
57 4930.944143
57 5138.987477
57 5422.839784
57 5595.850172
57 5844.182037
58 205.022994
58 414.494183
58 630.668332
58 832.940747
58 1114.033751
58 1348.139569
58 1623.623542
58 1877.503118
58 2065.916636
58 2191.573207
58 2390.472009
58 2529.604531
58 2687.417246
58 2819.174945
58 2987.885119
58 3204.774095
58 3331.594278
58 3521.013229
58 3679.161305
58 3915.720095
58 4185.803552
58 4397.140178
58 4552.754823
58 4740.325011
58 4824.854141
58 5001.634419
58 5275.355291
58 5419.349145
58 5534.889885
58 5671.290634
58 5883.367255
59 55.609296
59 155.288717
59 321.488573
59 493.236654
59 778.324981
59 961.206016
59 1205.096945
59 1436.937331
59 1601.299986
59 1733.655515
59 1946.916482
59 2127.411815
59 2373.215472
59 2612.244284
59 2735.226672
59 2946.113234
59 3129.636403
59 3340.470723
59 3471.348005
59 3793.542273
59 4124.222099
59 4418.762036
59 4685.071487
59 4908.212924
59 5136.523700
59 5336.472700
59 5490.200171
59 5723.414561
59 5950.891389
60 180.404944
60 374.959165
60 683.190985
60 900.608289
60 1068.180518
60 1219.783609
60 1401.674719
60 1632.415100
60 1928.913156
60 1981.165140
60 2171.970259
60 2347.797274
60 2615.606914
60 2914.159691
60 3164.533534
60 3243.999847
60 3471.427297
60 3659.780585
60 3900.385555
60 4128.557279
60 4322.418412
60 4503.709349
60 4683.942295
60 4912.400481
60 5097.083468
60 5359.570520
60 5482.093444
60 5661.255600
61 297.785180
61 537.763839
61 631.941586
61 901.540676
61 1182.232785
61 1339.899608
61 1535.569211
61 1727.820306
61 1914.968635
61 1958.654369
61 2218.055304
61 2437.277589
61 2592.499589
61 2738.659152
61 3009.244377
61 3213.441922
61 3334.201241
61 3521.389055
61 3810.638470
61 3991.676464
61 4234.250128
61 4575.444119
61 4660.784609
61 4831.553194
61 5213.611046
61 5369.015720
61 5639.229182
61 5836.114249
62 285.294987
62 494.220762
62 736.631032
62 893.812590
62 1036.600083
62 1203.759754
62 1401.899179
62 1572.867183
62 1839.437385
62 2128.721348
62 2426.980678
62 2660.931346
62 2857.099803
62 3014.175450
62 3273.126429
62 3440.469015
62 3653.335217
62 3939.527147
62 4167.193100
62 4451.591664
62 4710.916145
62 4881.515928
62 5054.169626
62 5231.525216
62 5362.570494
62 5651.350164
62 5767.939076
63 325.481019
63 569.362656
63 804.859010
63 1047.426840
63 1258.982313
63 1575.279762
63 1825.578864
63 2073.307680
63 2128.142083
63 2392.431305
63 2654.322772
63 2948.325529
63 3207.441415
63 3436.933404
63 3793.882696
63 3962.772491
63 4107.807847
63 4339.044429
63 4573.468394
63 5060.462193
63 5310.127573
63 5514.832895
63 5859.557725
64 169.244095
64 453.968111
64 756.449204
64 958.048277
64 1178.197836
64 1488.642236
64 1771.003344
64 2014.539977
64 2332.225372
64 2613.725055
64 3008.012444
64 3391.284653
64 3575.733570
64 3924.812372
64 4122.860087
64 4573.922877
64 4904.445447
64 5213.202293
64 5512.421107
64 5842.019463
64 5949.480340
65 315.486095
65 498.856098
65 997.334253
65 1276.374759
65 1434.000496
65 1767.125520
65 2014.485581
65 2382.625600
65 2663.355737
65 2978.561466
65 3114.619391
65 3560.051684
65 3775.936518
65 3994.543723
65 4212.281108
65 4447.077143
65 4777.773554
65 5116.103203
65 5367.217001
65 5650.081184
65 5923.475832
66 423.939277
66 809.202270
66 1130.847095
66 1351.731536
66 1556.529996
66 1952.398128
66 2285.459213
66 2615.391536
66 2929.673783
66 3264.469900
66 3496.635412
66 3776.902216
66 3963.361385
66 4176.352003
66 4321.383251
66 4777.706030
66 5312.820120
66 5594.951787
66 5844.347102
